business_name,search_category,primary_category,all_categories,pincode,circle,region,division,major_offices,phone_number,website,rating,reviews_count,address,area,latitude,longitude,place_id,place_url,part_id,crawled_at,s_no
Speakwell English Academy,Spoken English Institute,Education center,Education center,416521,Maharashtra Circle,Goa-Panaji Region,SINDHUDURG DIVISION,"Kadaval S.O, Avalegaon B.O, Bhadgaon Budruk B.O",+91 86696 89345,http://www.speakwell.co.in/,1.0,,"Flat No.44 & 45, Patakar complex, above DNS bank, near, Ambedkar Chouk, Maharashtra 416520",Ambedkar Chouk,16.0202339,73.7242486,ChIJv_5MsxcPwDsRp2rvBN4LQpM,https://www.google.com/maps/place/?q=place_id:ChIJv_5MsxcPwDsRp2rvBN4LQpM,part_135,2026-09-22 06:00:33,4119
Eagle Spoken English Academy,Spoken English Institute,Educational institution,Educational institution,416521,Maharashtra Circle,Goa-Panaji Region,SINDHUDURG DIVISION,"Kadaval S.O, Avalegaon B.O, Bhadgaon Budruk B.O",+91 84850 38383,https://eaglespokenenglishacademy.com/,4.8,,"Kolhapur Road, above Yes bank, near bhagyarekha talkies, Kagwade Mala, Ichalkaranji, Maharashtra 416115",Kagwade Mala,16.689127,74.45794,ChIJ99EAWNzjwDsR-fPv2qLk1ac,https://www.google.com/maps/place/?q=place_id:ChIJ99EAWNzjwDsR-fPv2qLk1ac,part_135,2026-09-22 06:00:33,4120
Mrs. Pandit English Speaking Course,Spoken English Institute,Coaching Center,"Coaching Center, Training center",416521,Maharashtra Circle,Goa-Panaji Region,SINDHUDURG DIVISION,"Kadaval S.O, Avalegaon B.O, Bhadgaon Budruk B.O",+91 98909 07123,N/A,5.0,,"Gali-8, Rajarampuri, opposite Hindustan Bakers and confectioners, Kolhapur, Maharashtra 416008","Poorvarang, Mahalaxminagar, Rajarampuri",16.694142,74.243535,ChIJVVVVFTkAwTsRrhivibAK43E,https://www.google.com/maps/place/?q=place_id:ChIJVVVVFTkAwTsRrhivibAK43E,part_135,2026-09-22 06:00:33,4121
English Educare Spoken English Academy,Spoken English Institute,Coaching Center,"Coaching Center, English language camp, English language school",416521,Maharashtra Circle,Goa-Panaji Region,SINDHUDURG DIVISION,"Kadaval S.O, Avalegaon B.O, Bhadgaon Budruk B.O",+91 70664 58585,https://englisheducare.in/,4.5,,"438/2 Bhosale Plaza, Balgopal talim, Mangalwar Peth, Kolhapur, Maharashtra 416012","Mangalwar Peth, C Ward",16.6937009,74.22594,ChIJdWpJLEAAwTsRt4to9jwwFcQ,https://www.google.com/maps/place/?q=place_id:ChIJdWpJLEAAwTsRt4to9jwwFcQ,part_135,2026-09-22 06:00:33,4122
Disha English speaking centre,Spoken English Institute,English language school,English language school,416521,Maharashtra Circle,Goa-Panaji Region,SINDHUDURG DIVISION,"Kadaval S.O, Avalegaon B.O, Bhadgaon Budruk B.O",+91 98220 29310,N/A,4.9,,"Rajarampuri 3rd Ln, Poorvarang, Mahalaxminagar, Rajarampuri, Kolhapur, Maharashtra 416008","Poorvarang, Mahalaxminagar, Rajarampuri",16.6968039,74.2426102,ChIJDwe70BUBwTsR7YtkPI78Wng,https://www.google.com/maps/place/?q=place_id:ChIJDwe70BUBwTsR7YtkPI78Wng,part_135,2026-09-22 06:00:33,4123
"Sateri Computer Education, Kadawal",Spoken English Institute,Educational institution,"Educational institution, Education center, Educational consultant",416521,Maharashtra Circle,Goa-Panaji Region,SINDHUDURG DIVISION,"Kadaval S.O, Avalegaon B.O, Bhadgaon Budruk B.O",+91 93598 70482,N/A,4.6,,"near Mahapurush Mandir, Bazarpeth, Kadawal, Maharashtra 416521",Bazarpeth,16.1239176,73.7678018,ChIJoSVCs1cTwDsRn_Tb-fzXHDg,https://www.google.com/maps/place/?q=place_id:ChIJoSVCs1cTwDsRn_Tb-fzXHDg,part_135,2026-09-22 06:00:33,4124
Samta Spoken English Academy,Spoken English Institute,Educational institution,Educational institution,416521,Maharashtra Circle,Goa-Panaji Region,SINDHUDURG DIVISION,"Kadaval S.O, Avalegaon B.O, Bhadgaon Budruk B.O",+91 95521 85962,N/A,5.0,104.0,"2nd Floor, Jivaji Bhavan, near ASC College, Yashwant Colony, Ichalkaranji, Maharashtra 416115",Yashwant Colony,16.6929324,74.44969669999999,ChIJm9mIIqjjwDsRnv9iweqCoQw,https://www.google.com/maps/place/?q=place_id:ChIJm9mIIqjjwDsRnv9iweqCoQw,part_135,2026-09-22 06:00:33,4125
SHRI ENGLISH SPEAKING (SPOKEN),Spoken English Institute,Coaching Center,"Coaching Center, Police academy",416521,Maharashtra Circle,Goa-Panaji Region,SINDHUDURG DIVISION,"Kadaval S.O, Avalegaon B.O, Bhadgaon Budruk B.O",+91 85529 05155,N/A,5.0,420.0,"&, Nirala Bazar Rd, near SB College, above Goli Vadapav & Chotu Padapav, Gulmandi, Aurangpura, Chhatrapati Sambhajinagar, Maharashtra 431001","Gulmandi, Aurangpura",19.8825388,75.3265289,ChIJh5hQVASZ2zsRgnstLWJgwII,https://www.google.com/maps/place/?q=place_id:ChIJh5hQVASZ2zsRgnstLWJgwII,part_135,2026-09-22 06:00:33,4126
Oxbridge Spoken English Academy,Spoken English Institute,Educational institution,Educational institution,416521,Maharashtra Circle,Goa-Panaji Region,SINDHUDURG DIVISION,"Kadaval S.O, Avalegaon B.O, Bhadgaon Budruk B.O",+91 94224 72533,https://oxbridgespokenenglish.com/,4.8,431.0,"Oxbridge Spoken English Academy, Ausa Rd, near Arya Samaj Mandir, Sitaram Nagar, Narayan Nagar, Latur, Maharashtra 413531","Sitaram Nagar, Narayan Nagar",18.3915892,76.5647145,ChIJdUFAZOODzzsR7mrMv5EkTj4,https://www.google.com/maps/place/?q=place_id:ChIJdUFAZOODzzsR7mrMv5EkTj4,part_135,2026-09-22 06:00:34,4127
Enlight 16 days spoken English,Spoken English Institute,English language school,English language school,416521,Maharashtra Circle,Goa-Panaji Region,SINDHUDURG DIVISION,"Kadaval S.O, Avalegaon B.O, Bhadgaon Budruk B.O",N/A,N/A,4.9,37.0,"Sabzi Mandi Road, Paithan Gate, Chh, Shahgunj, Chhatrapati Sambhajinagar, Maharashtra 431001","Paithan Gate, Chh, Shahgunj",19.8806644,75.32846479999999,ChIJkXcn8ieZ2zsRMNob7AaoGVg,https://www.google.com/maps/place/?q=place_id:ChIJkXcn8ieZ2zsRMNob7AaoGVg,part_135,2026-09-22 06:00:34,4128
Angrezi Club Spoken English Classes | Wakad,Spoken English Institute,English language school,"English language school, Education center, Language school",416521,Maharashtra Circle,Goa-Panaji Region,SINDHUDURG DIVISION,"Kadaval S.O, Avalegaon B.O, Bhadgaon Budruk B.O",+91 77358 07514,https://www.angreziclub.com/,4.9,1070.0,"2nd Floor, above Naturals Ice Cream Parlour, Hinjawadi, Wakad, Pune, Pimpri-Chinchwad, Maharashtra 411057","Hinjawadi, Wakad",18.591219199999998,73.7522958,ChIJYd0XrUW5wjsRWACgQuZQ-6c,https://www.google.com/maps/place/?q=place_id:ChIJYd0XrUW5wjsRWACgQuZQ-6c,part_135,2026-09-22 06:00:34,4129
Viable Spoken English Academy,Spoken English Institute,Educational institution,Educational institution,416521,Maharashtra Circle,Goa-Panaji Region,SINDHUDURG DIVISION,"Kadaval S.O, Avalegaon B.O, Bhadgaon Budruk B.O",+91 93223 40726,N/A,5.0,43.0,"PLOT NO X-309, Opp. Colgate Company, above New Bombay English Hardware Shop, MIDC Waluj, Wadgaon Kolhati, Maharashtra 431136","MIDC Waluj, Bajaj Nagar, Ranjangaon Shenpunji, Waluj",19.840476,75.23463199999999,ChIJeT2ovhab2zsRIWikuy6h5ME,https://www.google.com/maps/place/?q=place_id:ChIJeT2ovhab2zsRIWikuy6h5ME,part_135,2026-09-22 06:00:34,4130
Oxford Spoken English Classes Amravati,Spoken English Institute,English language camp,"English language camp, Training center",416521,Maharashtra Circle,Goa-Panaji Region,SINDHUDURG DIVISION,"Kadaval S.O, Avalegaon B.O, Bhadgaon Budruk B.O",+91 93071 05723,https://youtube.com/@oxfordspokenenglishclasses?si=1njuJDsekMy5d4WH,4.9,691.0,"In front of Punjab and Sindh Bank First lane from Panchvati to, in front of Shree Ayurveda, beside Chowdhary Xerox, Radha Nagar, Gadge Nagar, Amravati, Maharashtra 444603","Radha Nagar, Gadge Nagar",20.9438532,77.769493,ChIJI9zbtsOj1jsRiDRuh8Jyc4Q,https://www.google.com/maps/place/?q=place_id:ChIJI9zbtsOj1jsRiDRuh8Jyc4Q,part_135,2026-09-22 06:00:34,4131
Siddiqui's Perfect Institute,Spoken English Institute,English language school,"English language school, Coaching Center",416521,Maharashtra Circle,Goa-Panaji Region,SINDHUDURG DIVISION,"Kadaval S.O, Avalegaon B.O, Bhadgaon Budruk B.O",+91 98226 75216,N/A,4.8,78.0,"Beside Coffe tea house hotel, near Chandne chowk , Fazilpura Road, Collector Office Rd, Chhatrapati Sambhajinagar, Maharashtra 431001","Fazalpura, Naralibag",19.892975,75.33690039999999,ChIJT1uwwgiY2zsRXQhJdKj9Bjo,https://www.google.com/maps/place/?q=place_id:ChIJT1uwwgiY2zsRXQhJdKj9Bjo,part_135,2026-09-22 06:00:34,4132
1-Way Spoken English Academy,Spoken English Institute,English language school,English language school,416521,Maharashtra Circle,Goa-Panaji Region,SINDHUDURG DIVISION,"Kadaval S.O, Avalegaon B.O, Bhadgaon Budruk B.O",+91 88886 88866,N/A,4.9,1123.0,"K.B Heights , Shop no 7,8 Second floor, Dange Chowk Rd, beside Bharat Petrol pump, Bhatewara Nagar, Hinjawadi, Pune, Maharashtra 411057","Bhatewara Nagar, Hinjawadi",18.5960558,73.7402724,ChIJ6bYVkdu7wjsRx0aNWBs6UZ8,https://www.google.com/maps/place/?q=place_id:ChIJ6bYVkdu7wjsRx0aNWBs6UZ8,part_135,2026-09-22 06:00:34,4133
Green Spoken English Institute,Spoken English Institute,English language school,"English language school, English language camp, Grammar school, Language school, Personal trainer, Training center",416521,Maharashtra Circle,Goa-Panaji Region,SINDHUDURG DIVISION,"Kadaval S.O, Avalegaon B.O, Bhadgaon Budruk B.O",+91 99603 36989,N/A,4.8,76.0,"Roshan Gate, Near Madarsa Bait ur Rizwan, between Haji Ali Function Hall, to, Madni Chowk Rd, Wahed colony, Chhatrapati Sambhajinagar, Maharashtra 431003","Wahed colony, Kiradpura",19.8868269,75.3460164,ChIJCTrYnaGi2zsRgBGa78HBEmk,https://www.google.com/maps/place/?q=place_id:ChIJCTrYnaGi2zsRgBGa78HBEmk,part_135,2026-09-22 06:00:34,4134
"Brahma English Academy-Spoken English| IELTS | PTE | DUOLINGO | TOEFL | Personality Devp |Interview Prep in Nanded City, Pune",Spoken English Institute,English language school,"English language school, Adult education school, Education center, Educational institution, Training center",416521,Maharashtra Circle,Goa-Panaji Region,SINDHUDURG DIVISION,"Kadaval S.O, Avalegaon B.O, Bhadgaon Budruk B.O",+91 84848 29557,http://www.brahmaenglishacademy.com/,4.7,249.0,"2nd floor, Destination Center 1, Shop No, S-70, Nanded City Sinhgad Rd, Nanded, Pune, Maharashtra 411068","Nanded City, Nanded",18.4601226,73.7856642,ChIJNYLPUF2VwjsRrC0NOERAtCc,https://www.google.com/maps/place/?q=place_id:ChIJNYLPUF2VwjsRrC0NOERAtCc,part_135,2026-09-22 06:00:34,4135
Spoken English Classes - English Speaking Courses | EngSpeak Academy,Spoken English Institute,Education center,Education center,416521,Maharashtra Circle,Goa-Panaji Region,SINDHUDURG DIVISION,"Kadaval S.O, Avalegaon B.O, Bhadgaon Budruk B.O",+91 75591 71717,https://engspeak.in/,4.9,249.0,"Dnyaneshwar paduka chowk, Shreenath Plaza, Shop number 2 & 3 , ground floor, C Wing, Ferguson College Rd, Pune, Maharashtra 411005","Sud Nagar, Shivajinagar",18.526408099999998,73.8428942,ChIJwY_X_enBwjsRl5j04bSPYxE,https://www.google.com/maps/place/?q=place_id:ChIJwY_X_enBwjsRl5j04bSPYxE,part_135,2026-09-22 06:00:34,4136
"ENGLISH GURU ACADEMY, Civil line Washim",Spoken English Institute,English language camp,"English language camp, Education center",416521,Maharashtra Circle,Goa-Panaji Region,SINDHUDURG DIVISION,"Kadaval S.O, Avalegaon B.O, Bhadgaon Budruk B.O",+91 98602 43424,http://www.englishguruacademy.com/,5.0,234.0,"behind Jay Ambe Super Shop, Civil Line, Washim, Maharashtra 444505",Civil Line,20.124875199999998,77.1384501,ChIJ1wSId7bj0DsRlnq2oKTEvgk,https://www.google.com/maps/place/?q=place_id:ChIJ1wSId7bj0DsRlnq2oKTEvgk,part_135,2026-09-22 06:00:34,4137
Inspire English Academy,Spoken English Institute,English language school,"English language school, Coaching Center, Training center",416521,Maharashtra Circle,Goa-Panaji Region,SINDHUDURG DIVISION,"Kadaval S.O, Avalegaon B.O, Bhadgaon Budruk B.O",+91 89833 37331,http://www.inspireenglishacademy.com/,4.9,345.0,"Shahina Plaza, Kala Maruti Rd, Dagdi Pul, Shivaji Nagar, Akola, Maharashtra 444002","Dagdi Pul, Shivaji Nagar",20.708596699999998,76.9917309,ChIJyb3xtlox1zsRyf33irtkSks,https://www.google.com/maps/place/?q=place_id:ChIJyb3xtlox1zsRyf33irtkSks,part_135,2026-09-22 06:00:34,4138
DYNAMIC ENGLISH SPEAKING COURSE,Spoken English Institute,English language school,"English language school, Coaching Center",416521,Maharashtra Circle,Goa-Panaji Region,SINDHUDURG DIVISION,"Kadaval S.O, Avalegaon B.O, Bhadgaon Budruk B.O",+91 77439 04904,N/A,5.0,485.0,"Tapadia Super Centre, In Front of Mahila College, behind Metro Shop, Nirala Bazar, Chhatrapati Sambhajinagar, Maharashtra 431001",Nirala Bazar,19.8805963,75.32441639999999,ChIJP59qmGyY2zsRjS75sg53Z8Q,https://www.google.com/maps/place/?q=place_id:ChIJP59qmGyY2zsRjS75sg53Z8Q,part_135,2026-09-22 06:00:34,4139
Alchemist Spoken English Branch-2,Spoken English Institute,English language school,English language school,416521,Maharashtra Circle,Goa-Panaji Region,SINDHUDURG DIVISION,"Kadaval S.O, Avalegaon B.O, Bhadgaon Budruk B.O",+91 87884 14136,N/A,4.9,52.0,"in front of Bank Of Maharashtra, VP College, Rui, Maharashtra 413133",VP College,18.1824789,74.6090639,ChIJ0RIYfux1wzsRMkCLWTfjB-o,https://www.google.com/maps/place/?q=place_id:ChIJ0RIYfux1wzsRMkCLWTfjB-o,part_135,2026-09-22 06:00:34,4140
Pristine Spoken English Academy,Spoken English Institute,Educational institution,Educational institution,416521,Maharashtra Circle,Goa-Panaji Region,SINDHUDURG DIVISION,"Kadaval S.O, Avalegaon B.O, Bhadgaon Budruk B.O",+91 96043 43388,https://pristinespokenenglish.com/,5.0,181.0,"1st floor, Akash Apartment, 342, behind Chitrakala Mahavidyalaya, Laxminagar, Nagpur, Maharashtra 440022",Laxminagar,21.1257552,79.06600519999999,ChIJg2Yru6PH1DsRdN89ObBL7ak,https://www.google.com/maps/place/?q=place_id:ChIJg2Yru6PH1DsRdN89ObBL7ak,part_135,2026-09-22 06:00:34,4141
UK English Training Academy,Spoken English Institute,English language school,English language school,416521,Maharashtra Circle,Goa-Panaji Region,SINDHUDURG DIVISION,"Kadaval S.O, Avalegaon B.O, Bhadgaon Budruk B.O",+91 97623 12511,http://www.ukenglishacademy.co.in/,4.9,409.0,"HOUSE NO 3498, near SAI ICE CREAM CENTER, Manish Nagar, Somalwada, Nagpur, Maharashtra 440037","Manish Nagar, Somalwada",21.0911319,79.07909339999999,ChIJNcWjTyG_1DsRaxHfpR88mb8,https://www.google.com/maps/place/?q=place_id:ChIJNcWjTyG_1DsRaxHfpR88mb8,part_135,2026-09-22 06:00:34,4142
Attitudes & Wesome - Spoken English Classes,Spoken English Institute,Training center,"Training center, Educational institution, Learning center, Life coach",416521,Maharashtra Circle,Goa-Panaji Region,SINDHUDURG DIVISION,"Kadaval S.O, Avalegaon B.O, Bhadgaon Budruk B.O",+91 73503 95559,N/A,4.9,413.0,"2nd Floor, Attitudes and Wesome, beside Sai Eye Hospital, behind Batukbhai Jewellers, Khare Town, Dharampeth, Nagpur, Maharashtra 440010","Khare Town, Dharampeth",21.1390034,79.0618373,ChIJ6RCEDXzA1DsRjrjQ0uZpQ7w,https://www.google.com/maps/place/?q=place_id:ChIJ6RCEDXzA1DsRjrjQ0uZpQ7w,part_135,2026-09-22 06:00:34,4143
"Western Wings Spoken English And Personality Development Academy, 189,Nandanwan Nagpur.",Spoken English Institute,Educational institution,Educational institution,416521,Maharashtra Circle,Goa-Panaji Region,SINDHUDURG DIVISION,"Kadaval S.O, Avalegaon B.O, Bhadgaon Budruk B.O",+91 99750 36360,http://www.saraswatigroupwesternwings.in/,4.9,474.0,"Plot No-189, Cement Rd, beside ICICI Bank, Nirmal Bazar, Nandanvan, Nagpur, Maharashtra 440009","Nirmal Bazar, Nandanvan",21.1318418,79.1192703,ChIJPXLb9VDH1DsRR1kNL5ICjSs,https://www.google.com/maps/place/?q=place_id:ChIJPXLb9VDH1DsRR1kNL5ICjSs,part_135,2026-09-22 06:00:34,4144
Perfect Spoken English and Personality Development Institute.,Spoken English Institute,Coaching Center,"Coaching Center, Educational institution, Learning center",416521,Maharashtra Circle,Goa-Panaji Region,SINDHUDURG DIVISION,"Kadaval S.O, Avalegaon B.O, Bhadgaon Budruk B.O",+91 98230 50567,https://www.perfectspokenenglish.com/,4.4,162.0,"Mhada Complex Amravati Road Civil Lines, Samrudhi Sankul, next to khurana travels, nr. bhole petrol pump, Nagpur, Maharashtra 440001","Dobhi Nagar, Civil Lines",21.1463712,79.0697576,ChIJAQAAwPPA1DsRINQ8DhCzTcU,https://www.google.com/maps/place/?q=place_id:ChIJAQAAwPPA1DsRINQ8DhCzTcU,part_135,2026-09-22 06:00:34,4145
Kusum English Academy,Spoken English Institute,Education center,Education center,416522,Maharashtra Circle,Goa-Panaji Region,SINDHUDURG DIVISION,"Pat S.O, Khavane B.O, Kochara B.O",+91 96233 94343,https://www.kusumenglishacademy.in/,4.8,202.0,"near Deshmukh Hotel, above Sriniwas Book Store, Samzota Colony, Vaibhav Nagar, Parbhani, Maharashtra 431401","Samzota Colony, Vaibhav Nagar",19.2589963,76.7905134,ChIJe8pPePUZ0DsRYpkwswmCYZ0,https://www.google.com/maps/place/?q=place_id:ChIJe8pPePUZ0DsRYpkwswmCYZ0,part_135,2026-09-22 06:01:07,7926
Ideal Spoken English Academy,Spoken English Institute,English language school,English language school,416522,Maharashtra Circle,Goa-Panaji Region,SINDHUDURG DIVISION,"Pat S.O, Khavane B.O, Kochara B.O",N/A,N/A,4.9,243.0,"Office no. 2 On 2nd Floor, in Gavali Nagar, PMT Square, Agrawal Building, opp. Swayambhu Ganesh Temple, Bhosari, Maharashtra 411039","Adarsh Nagar, Bhosari",18.6224071,73.8518418,ChIJG2M4Vp3HwjsRVWsPL8kOewk,https://www.google.com/maps/place/?q=place_id:ChIJG2M4Vp3HwjsRVWsPL8kOewk,part_135,2026-09-22 06:01:07,7927
Spoken English Classes by K. Rajeshwari,Spoken English Institute,English language school,English language school,416522,Maharashtra Circle,Goa-Panaji Region,SINDHUDURG DIVISION,"Pat S.O, Khavane B.O, Kochara B.O",+91 94225 08894,https://sites.google.com/view/krajeshwari-spokenenglish/home,4.9,76.0,"Appa Balwant Chowk, Bajirao Rd, Maharashtra 411002",Budhwar Peth,18.516343799999998,73.8539687,ChIJbSeO1m_AwjsRZ5wTlayb-OQ,https://www.google.com/maps/place/?q=place_id:ChIJbSeO1m_AwjsRZ5wTlayb-OQ,part_135,2026-09-22 06:01:07,7928
Speakfast English Academy - Spoken English Classes Pune - English Speaking Courses,Spoken English Institute,English language school,English language school,416522,Maharashtra Circle,Goa-Panaji Region,SINDHUDURG DIVISION,"Pat S.O, Khavane B.O, Kochara B.O",+91 72494 24299,https://www.speakfast.in/,4.8,596.0,"Shop No. 4, Kumar millennium, Paud Rd, beside Rajarshi shahu Bank, Kothrud, Pune, Maharashtra 411038","Pratik Nagar, Jay Bhavani Nagar, Kothrud",18.508588,73.8097904,ChIJCwf1Pbe_wjsRJhE4h0aCjXA,https://www.google.com/maps/place/?q=place_id:ChIJCwf1Pbe_wjsRJhE4h0aCjXA,part_135,2026-09-22 06:01:07,7929
Avirat Spoken English Academy,Spoken English Institute,English language school,"English language school, Training center",416522,Maharashtra Circle,Goa-Panaji Region,SINDHUDURG DIVISION,"Pat S.O, Khavane B.O, Kochara B.O",+91 81779 22018,https://www.aviratenglishclasses.in/,4.9,664.0,"Office No 17, Ground Floor, Hrishikesh Apartments, Tupe Patil Rd, near Vitthal Tupe Patil Auditorium, Vittal Tupe Natyagruh, Malwadi, Hadapsar, Pune, Maharashtra 411028","Vittal Tupe Natyagruh, Malwadi, Hadapsar",18.502264699999998,73.9364758,ChIJweAjVQbDwjsR6jeP-z49Is0,https://www.google.com/maps/place/?q=place_id:ChIJweAjVQbDwjsR6jeP-z49Is0,part_135,2026-09-22 06:01:07,7930
Alex English Speaking Classes,Spoken English Institute,Coaching Center,Coaching Center,416522,Maharashtra Circle,Goa-Panaji Region,SINDHUDURG DIVISION,"Pat S.O, Khavane B.O, Kochara B.O",+91 98507 80442,N/A,5.0,1103.0,"S.M, Kamdhenu Estate, Ajinkyatara Building, Joshi College Road, near Viththal Tupe Natyagruh, Hadapsar, Maharashtra 411028","Malwadi, Hadapsar",18.502340099999998,73.9362335,ChIJbam7LMHBwjsRhVpL5wxDcRQ,https://www.google.com/maps/place/?q=place_id:ChIJbam7LMHBwjsRhVpL5wxDcRQ,part_135,2026-09-22 06:01:07,7931
KEWAL ACADEMY (Best rated Online / offline English speaking course),Spoken English Institute,English language school,English language school,416522,Maharashtra Circle,Goa-Panaji Region,SINDHUDURG DIVISION,"Pat S.O, Khavane B.O, Kochara B.O",+91 93252 52546,http://www.kewalacademy.com/,4.8,1230.0,"2nd floor, Arya Heights, Behind Dholya Ganpati, Ashok Stambh, Nashik, Maharashtra 422002","Ashok Stambh, Shivaji Nagar",20.007290599999997,73.7845152,ChIJEX5mOK_r3TsR43MAoDi6Fgk,https://www.google.com/maps/place/?q=place_id:ChIJEX5mOK_r3TsR43MAoDi6Fgk,part_135,2026-09-22 06:01:07,7932
Speakwell English Academy for Spoken English,Spoken English Institute,English language school,"English language school, English language camp, Language school",416522,Maharashtra Circle,Goa-Panaji Region,SINDHUDURG DIVISION,"Pat S.O, Khavane B.O, Kochara B.O",+91 90960 44055,https://speakwell.in/wagholi,4.9,530.0,"2nd Floor, Jay Anand Complex, Pune - Nagar Rd, above Reliance Jio Gallery, beside Navale Hospital Fadai Chowk, Wagholi, Pune, Maharashtra 412207",Wagholi,18.5804881,73.9814853,ChIJGWo67jPDwjsR330a6Vg9_Ho,https://www.google.com/maps/place/?q=place_id:ChIJGWo67jPDwjsR330a6Vg9_Ho,part_135,2026-09-22 06:01:07,7933
English clinic,Spoken English Institute,Education center,Education center,416522,Maharashtra Circle,Goa-Panaji Region,SINDHUDURG DIVISION,"Pat S.O, Khavane B.O, Kochara B.O",+91 80070 04466,https://dassooqishah.com/,4.8,107.0,"MG Road, Camp, Pune, Maharashtra 411001",Camp,18.5177023,73.8786685,ChIJORI-vE_AwjsR5rW-Pmd-82Y,https://www.google.com/maps/place/?q=place_id:ChIJORI-vE_AwjsR5rW-Pmd-82Y,part_135,2026-09-22 06:01:07,7934
Lucy Miss Spoken English Classes,Spoken English Institute,Education center,Education center,416522,Maharashtra Circle,Goa-Panaji Region,SINDHUDURG DIVISION,"Pat S.O, Khavane B.O, Kochara B.O",N/A,N/A,5.0,22.0,"Chetak Niwas, Anand Nagar Rd, near Reliance Tower, New Adarsh Colony, Mahavir Nagar, Purna, Maharashtra 431511","New Adarsh Colony, Mahavir Nagar",19.184211899999998,77.027283,ChIJy1E1lG0p0DsRx_0DY8jl51k,https://www.google.com/maps/place/?q=place_id:ChIJy1E1lG0p0DsRx_0DY8jl51k,part_135,2026-09-22 06:01:07,7935
Speakwell Spoken English Academy - Hadapsar Pune,Spoken English Institute,English language school,"English language school, Language school, Learning center",416522,Maharashtra Circle,Goa-Panaji Region,SINDHUDURG DIVISION,"Pat S.O, Khavane B.O, Kochara B.O",+91 79729 85565,https://speakwell.co.in/hadapsar-pune/,4.8,550.0,"Ground Floor, Vaishali Heights, Tupe Patil Rd, opp. Mantri Market Road, opp. South Tupe Path, Malwadi, Hadapsar, Natyagrah, Pune, Maharashtra 411028","Malwadi, Hadapsar",18.501743899999997,73.93605099999999,ChIJK49v_nHDwjsROyhfICPxbMM,https://www.google.com/maps/place/?q=place_id:ChIJK49v_nHDwjsROyhfICPxbMM,part_135,2026-09-22 06:01:07,7936
V TRANSFORM SPOKEN ENGLISH ACADEMY,Spoken English Institute,English language school,English language school,416522,Maharashtra Circle,Goa-Panaji Region,SINDHUDURG DIVISION,"Pat S.O, Khavane B.O, Kochara B.O",+91 77967 72296,N/A,5.0,24.0,"Hudkeshwar Rd, Chandrakiran Nagar, Nagpur, Maharashtra 440034",Chandrakiran Nagar,21.0936639,79.1230283,ChIJhc7BgRW51DsRtFqH8dj-rMk,https://www.google.com/maps/place/?q=place_id:ChIJhc7BgRW51DsRtFqH8dj-rMk,part_135,2026-09-22 06:01:08,7937
GLOBAL SPOKEN ENGLISH & PERSONALITY DEVELOPMENT,Spoken English Institute,Coaching Center,"Coaching Center, College, Educational institution, English language camp, English language school, Learning center, Life coach, School, Training center",416522,Maharashtra Circle,Goa-Panaji Region,SINDHUDURG DIVISION,"Pat S.O, Khavane B.O, Kochara B.O",+91 96373 39536,N/A,5.0,695.0,"in front of Samar Medical, Jameel Colony, Transport Nagar, Amravati, Maharashtra 444601","Jameel Colony, Transport Nagar",20.9452371,77.7421277,ChIJPx2Un5y91jsRNunbDxv-3sU,https://www.google.com/maps/place/?q=place_id:ChIJPx2Un5y91jsRNunbDxv-3sU,part_135,2026-09-22 06:01:08,7938
Spoken English Classes,Spoken English Institute,Coaching Center,"Coaching Center, School",416522,Maharashtra Circle,Goa-Panaji Region,SINDHUDURG DIVISION,"Pat S.O, Khavane B.O, Kochara B.O",+91 91584 60253,N/A,4.9,197.0,"1st floor, Nivruti heights, Dhanori-Lohegaon Rd, near Saiba hotel, Pune, Maharashtra 411047","Kutwal Colony, Lohegaon",18.5976517,73.9102214,ChIJCy6qucbGwjsRxr72Nt6nvPg,https://www.google.com/maps/place/?q=place_id:ChIJCy6qucbGwjsRxr72Nt6nvPg,part_135,2026-09-22 06:01:08,7939
SpeakEng India - Spoken English | Soft Skills | IELTS Coaching | OET Training | French | Spanish Classes | German Classes,Spoken English Institute,Language school,"Language school, English language school, Foreign languages program school, French language school, German language school",416523,Maharashtra Circle,Goa-Panaji Region,SINDHUDURG DIVISION,"Parula S.O, Bhogave B.O, Karliwadi B.O",+91 91482 94666,https://www.speakengindia.com/,4.7,,"2nd floor, and, 934, 16th Main Rd, next to McDonald's, above Specsmakers, BTM 2nd Stage, Kuvempu Nagar, BTM Layout 2nd Stage, BTM Layout, Bengaluru, Karnataka 560076","BTM 2nd Stage, Kuvempu Nagar, BTM Layout 2nd Stage, BTM Layout",12.9156728,77.6103041,ChIJNSjZIv0UrjsR2xs0hOD3Dc4,https://www.google.com/maps/place/?q=place_id:ChIJNSjZIv0UrjsR2xs0hOD3Dc4,part_135,2026-09-22 06:01:41,13763
Spoken English Training Institute in Ahmedabad,Spoken English Institute,English language school,English language school,416523,Maharashtra Circle,Goa-Panaji Region,SINDHUDURG DIVISION,"Parula S.O, Bhogave B.O, Karliwadi B.O",+91 99798 79333,http://spokenenglishinstitute.in/,5.0,,"Law Garden, 606, Shitiratna, B/s Radisson Blu Hotel, Nr, Panchvati Cir, Ellisbridge, Ahmedabad, Gujarat 380006",Ellisbridge,23.0233456,72.55667059999999,ChIJl8dCkfCEXjkR9I2rRyXuOjY,https://www.google.com/maps/place/?q=place_id:ChIJl8dCkfCEXjkR9I2rRyXuOjY,part_135,2026-09-22 06:01:41,13764
SpeakEng India - Spoken English | Soft Skills | IELTS Coaching | OET Training | French | Spanish Classes | German Classes,Spoken English Institute,Language school,"Language school, Educational institution, English language school, Foreign languages program school, French language school, German language school, Training center",416523,Maharashtra Circle,Goa-Panaji Region,SINDHUDURG DIVISION,"Parula S.O, Bhogave B.O, Karliwadi B.O",+91 91482 94666,http://www.speakengindia.com/,4.8,,"62, 5, Govinda Shetty Palya Rd, above Janapriya Home needs, Konappana Agrahara, Electronic City, Konappana Agrahara, Doddathoguru, Karnataka 560100","Konappana Agrahara, Electronic City",12.8403809,77.6506555,ChIJy-8tfwZtrjsR5vchqbIshWk,https://www.google.com/maps/place/?q=place_id:ChIJy-8tfwZtrjsR5vchqbIshWk,part_135,2026-09-22 06:01:41,13765
Star Spoken English Classes,Spoken English Institute,Training center,Training center,416523,Maharashtra Circle,Goa-Panaji Region,SINDHUDURG DIVISION,"Parula S.O, Bhogave B.O, Karliwadi B.O",+91 95946 25745,N/A,4.9,,"KHB Colony, Shirke Layout, Kengeri Satellite Town, Bengaluru, Karnataka 560060","KHB Colony, Shirke Layout, Kengeri Satellite Town",12.930571599999999,77.4878335,ChIJ5wL1Shw_rjsRVULcK6-oWKA,https://www.google.com/maps/place/?q=place_id:ChIJ5wL1Shw_rjsRVULcK6-oWKA,part_135,2026-09-22 06:01:41,13766
LOGAN'S COUNCIL (Spoken English institute),Spoken English Institute,English language school,English language school,416523,Maharashtra Circle,Goa-Panaji Region,SINDHUDURG DIVISION,"Parula S.O, Bhogave B.O, Karliwadi B.O",+91 87555 11199,N/A,4.9,,"Oppsite sbi atm, 11, Karanpur Rd, near DAV Chowk, Karanpur, Dehradun, Uttarakhand 248001",Karanpur,30.328260999999998,78.0568627,ChIJva4XCMcpCTkRK08SYm-MJTw,https://www.google.com/maps/place/?q=place_id:ChIJva4XCMcpCTkRK08SYm-MJTw,part_135,2026-09-22 06:01:41,13767
NO. 01 ONLINE SPOKEN ENGLISH INSTITUTE IN GWALIOR,Spoken English Institute,Educational institution,"Educational institution, Coaching Center, Personal trainer",416523,Maharashtra Circle,Goa-Panaji Region,SINDHUDURG DIVISION,"Parula S.O, Bhogave B.O, Karliwadi B.O",+91 91090 79067,https://www.instagram.com/no.01_online_spoken_english?igsh=MWY2NGpub2swYzEybQ%3D%3D&utm_source=qr,5.0,,"Near, Phool Bagh, Lashkar, Gwalior, Madhya Pradesh 474002","Phool Bagh, Lashkar",26.2120999,78.16992909999999,ChIJcVjmkxrHdjkRqdcW_l6QCII,https://www.google.com/maps/place/?q=place_id:ChIJcVjmkxrHdjkRqdcW_l6QCII,part_135,2026-09-22 06:01:41,13768
Blue Chip Computer and Spoken English Institute,Spoken English Institute,Educational institution,"Educational institution, Education center, Educational consultant, Institute of technology, Software Training Institute, Training center",416523,Maharashtra Circle,Goa-Panaji Region,SINDHUDURG DIVISION,"Parula S.O, Bhogave B.O, Karliwadi B.O",+91 98260 78720,http://www.bluechipindore.com/,4.9,,"2nd Floor, 262, Usha Nagar Extn., Ranjeet Hanuman Square, Square, above Indian Bank, Indore, Madhya Pradesh 452009","Opposite Ranjeet Hanuman, Usha Nagar",22.699092999999998,75.8353399,ChIJKbrUurT9YjkRBYqHXxo-Vl4,https://www.google.com/maps/place/?q=place_id:ChIJKbrUurT9YjkRBYqHXxo-Vl4,part_135,2026-09-22 06:01:41,13769
Steadfast Spoken English & Personality Development,Spoken English Institute,English language school,"English language school, Education center, Educational institution, Training center",416523,Maharashtra Circle,Goa-Panaji Region,SINDHUDURG DIVISION,"Parula S.O, Bhogave B.O, Karliwadi B.O",+91 83499 40033,http://www.steadfasthrt.in/,4.9,,"23/1, Nanda Nagar Main Rd, in front of sai temple, Nanda Nagar, Indore, Madhya Pradesh 452011",Nanda Nagar,22.7411098,75.87899089999999,ChIJZfI5t139YjkRUaGKNpXYNSQ,https://www.google.com/maps/place/?q=place_id:ChIJZfI5t139YjkRUaGKNpXYNSQ,part_135,2026-09-22 06:01:41,13770
Spoken English Academy,Spoken English Institute,English language school,"English language school, Coaching Center, Education center, Educational consultant, Educational institution, English language camp, Language school, Training center, Tutoring service",416523,Maharashtra Circle,Goa-Panaji Region,SINDHUDURG DIVISION,"Parula S.O, Bhogave B.O, Karliwadi B.O",+91 90882 02603,https://spokenenglishacademy.in/,4.8,,"Bus Stand, H/H-7, Aswininagar, On 44, VIP Rd, next to Canara Bank, Baguiati, Kolkata, West Bengal 700159","Jyangra, Baguiati",22.6103976,88.42841899999999,ChIJjY2OxUB1AjoRx_I8VxUXBY0,https://www.google.com/maps/place/?q=place_id:ChIJjY2OxUB1AjoRx_I8VxUXBY0,part_135,2026-09-22 06:01:41,13771
English Champ / Spoken English classes in Dehradun / Spoken English Course in Dehradun / Best English speaking course near me,Spoken English Institute,English language school,English language school,416523,Maharashtra Circle,Goa-Panaji Region,SINDHUDURG DIVISION,"Parula S.O, Bhogave B.O, Karliwadi B.O",+91 89546 75190,http://englishchamp09.blogspot.in/,4.8,,"Market, opposite Uttarakhand Gramin Bank, nearby DAV PG College, Karanpur, Dehradun, Uttarakhand 248001",Karanpur,30.3278091,78.0562369,ChIJY2Es1v0pCTkRWxIgYvROl2g,https://www.google.com/maps/place/?q=place_id:ChIJY2Es1v0pCTkRWxIgYvROl2g,part_135,2026-09-22 06:01:41,13772
ACE Academy,Spoken English Institute,English language school,"English language school, Coaching Center, Education center, Studying center, Training center",416523,Maharashtra Circle,Goa-Panaji Region,SINDHUDURG DIVISION,"Parula S.O, Bhogave B.O, Karliwadi B.O",+91 97010 71702,http://www.aceacademyhyd.com/,4.9,,"8-1-22, 1/K, 7 Tombs Rd, opposite Fortune Toyota Service Center, Raghava Colony, Neeraj Colony, Toli Chowki, Hyderabad, Telangana 500008","Raghava Colony, Neeraj Colony, Toli Chowki",17.3986606,78.4111317,ChIJTcHzQOqWyzsR_zg5qgUzIL4,https://www.google.com/maps/place/?q=place_id:ChIJTcHzQOqWyzsR_zg5qgUzIL4,part_135,2026-09-22 06:01:41,13773
Genius Temple,Spoken English Institute,English language school,"English language school, Coaching Center, Computer club, Education center, English language camp, Language school, Meditation center, Studying center, Training center, Tutoring service",416523,Maharashtra Circle,Goa-Panaji Region,SINDHUDURG DIVISION,"Parula S.O, Bhogave B.O, Karliwadi B.O",+91 98264 65712,https://www.geniustemple.com/,4.9,,"4th floor, Starlit Tower, 401, Yeshwant Niwas Rd, opposite State Bank Of India, Sanghi Colony, Yeshwant Colony, Indore, Madhya Pradesh 452003","Sanghi Colony, Yeshwant Colony",22.7242265,75.87447639999999,ChIJAQAAQBb9YjkRHWJFe37OeGg,https://www.google.com/maps/place/?q=place_id:ChIJAQAAQBb9YjkRHWJFe37OeGg,part_135,2026-09-22 06:01:41,13774
Medha Language Theatre,Spoken English Institute,English language school,English language school,416523,Maharashtra Circle,Goa-Panaji Region,SINDHUDURG DIVISION,"Parula S.O, Bhogave B.O, Karliwadi B.O",+91 98660 06664,https://medhalearning.com/,4.7,,"2nd Floor, Bhavyas Classic, Opp Corporation Bank, S. R. Nagar, Hyderabad, Telangana 500038",Sanjeeva Reddy Nagar,17.442631,78.4461607,ChIJgyiXb8SQyzsRTspm52lFQbQ,https://www.google.com/maps/place/?q=place_id:ChIJgyiXb8SQyzsRTspm52lFQbQ,part_135,2026-09-22 06:01:41,13775
Oasis360 Spoken English and Personality Development Classes,Spoken English Institute,Educational institution,Educational institution,416523,Maharashtra Circle,Goa-Panaji Region,SINDHUDURG DIVISION,"Parula S.O, Bhogave B.O, Karliwadi B.O",+91 90396 63166,N/A,4.9,,"13, Millennium Plaza, University Rd, near Param Restaurant, Govindpuri, Gwalior, Madhya Pradesh 474011",Govindpuri,26.207356299999997,78.2007102,ChIJgfQBXK3HdjkRW-xtx0ss_Y0,https://www.google.com/maps/place/?q=place_id:ChIJgfQBXK3HdjkRW-xtx0ss_Y0,part_135,2026-09-22 06:01:41,13776
"Kapil Sir's English Speaking,Grammar&Total Personality Development",Spoken English Institute,English language school,"English language school, English language camp, Grammar school, Personal trainer, Speech & Hearing Specialist, Training center, Unemployment office",416523,Maharashtra Circle,Goa-Panaji Region,SINDHUDURG DIVISION,"Parula S.O, Bhogave B.O, Karliwadi B.O",+91 98930 62411,N/A,4.7,,"3rd floor, Star Plaza, near Roxy Talkies Road, Roxy Pul, Lashkar, Gwalior, Madhya Pradesh 474001","Roxy Pul, Lashkar",26.1965407,78.14924479999999,ChIJzwR6oc7FdjkRBpHzC9Ld9Sc,https://www.google.com/maps/place/?q=place_id:ChIJzwR6oc7FdjkRBpHzC9Ld9Sc,part_135,2026-09-22 06:01:41,13777
veta - Yelahanka,Spoken English Institute,English language school,"English language school, Training center",416523,Maharashtra Circle,Goa-Panaji Region,SINDHUDURG DIVISION,"Parula S.O, Bhogave B.O, Karliwadi B.O",+91 74833 47126,N/A,4.9,,"No.859/1312/4, above Kundan Electronics, next to Yelahanka Traffic Police Station, Ambedkar Colony, Yelahanka New Town, Bengaluru, Karnataka 560064","Ambedkar Colony, Yelahanka New Town",13.095609,77.5936716,ChIJf5-mTloYrjsRcOGbOPodPcc,https://www.google.com/maps/place/?q=place_id:ChIJf5-mTloYrjsRcOGbOPodPcc,part_135,2026-09-22 06:01:41,13778
Rapid Institute,Spoken English Institute,English language school,"English language school, Coaching Center, Language school, Meditation Class, Personal trainer, Training center",416523,Maharashtra Circle,Goa-Panaji Region,SINDHUDURG DIVISION,"Parula S.O, Bhogave B.O, Karliwadi B.O",+91 93032 25316,https://www.rapidinstitute.com/,4.4,,"12, Annapurna Rd, near Royal Enfield Showroom, Model Town Colony, Revenue Colony, Sachidanand Nagar, Indore, Madhya Pradesh 452009","Model Town Colony, Revenue Colony, Sachidanand Nagar",22.7008358,75.8415311,ChIJ1xfLukH8YjkRNqqmq4RWh-s,https://www.google.com/maps/place/?q=place_id:ChIJ1xfLukH8YjkRNqqmq4RWh-s,part_135,2026-09-22 06:01:41,13779
* Live English Trainer * Best English Grammar & Spoken Classes.,Spoken English Institute,English language school,"English language school, Service establishment",416523,Maharashtra Circle,Goa-Panaji Region,SINDHUDURG DIVISION,"Parula S.O, Bhogave B.O, Karliwadi B.O",N/A,https://sites.google.com/view/liveenglishtrainer/home,5.0,,"* Live English Trainer * Best English Grammar & Spoken Classes., 416523, India",416523,23.8881226,79.0221524,ChIJLbZXFhnlDDkRIoryydk2PJc,https://www.google.com/maps/place/?q=place_id:ChIJLbZXFhnlDDkRIoryydk2PJc,part_135,2026-09-22 06:01:41,13780
Easy talk institute of English language,Spoken English Institute,Educational institution,"Educational institution, Educational consultant, English language school",416523,Maharashtra Circle,Goa-Panaji Region,SINDHUDURG DIVISION,"Parula S.O, Bhogave B.O, Karliwadi B.O",+91 80 6506 4465,http://easytalklko.in/,5.0,,"42/132, Naval Kishore Rd, opp. CBI office, Hazratganj, Lucknow, Uttar Pradesh 226001",Hazratganj,26.848983699999998,80.9452276,ChIJl1eI2sb9mzkRaQN1GhxTQ7k,https://www.google.com/maps/place/?q=place_id:ChIJl1eI2sb9mzkRaQN1GhxTQ7k,part_135,2026-09-22 06:01:41,13781
PROTOS,Spoken English Institute,Learning center,"Learning center, Training center",416523,Maharashtra Circle,Goa-Panaji Region,SINDHUDURG DIVISION,"Parula S.O, Bhogave B.O, Karliwadi B.O",+91 90526 69111,http://protos.in/,4.7,,"311/312, Opposite Chermas, Brook Bond Colony, Chirag Ali Lane, Abids, Hyderabad, Telangana 500001","Brook Bond Colony, Chirag Ali Lane, Abids",17.3936736,78.4758897,ChIJh08J0GKXyzsRBI5Lf3F4_vw,https://www.google.com/maps/place/?q=place_id:ChIJh08J0GKXyzsRBI5Lf3F4_vw,part_135,2026-09-22 06:01:41,13782
Cafe Converse,Spoken English Institute,Language school,Language school,416523,Maharashtra Circle,Goa-Panaji Region,SINDHUDURG DIVISION,"Parula S.O, Bhogave B.O, Karliwadi B.O",+91 98100 76785,https://www.cafeconverse.com/,5.0,,"106, Kapil Vihar, Pitampura, Delhi, 110034","Kapil Vihar, Pitampura",28.698706599999998,77.13622579999999,ChIJ5QtoB_8DDTkRlRN-r9PEBMY,https://www.google.com/maps/place/?q=place_id:ChIJ5QtoB_8DDTkRlRN-r9PEBMY,part_135,2026-09-22 06:01:43,13783
DEZIRE CAREER POINT,Spoken English Institute,English language school,English language school,416523,Maharashtra Circle,Goa-Panaji Region,SINDHUDURG DIVISION,"Parula S.O, Bhogave B.O, Karliwadi B.O",+91 98393 05466,N/A,4.8,,"93/2, opp. gulab vatika Park, Chander Nagar, Alambagh, Lucknow, Uttar Pradesh 226005","Chander Nagar, Alambagh",26.811799099999998,80.90567159999999,ChIJm_8_MiL8mzkRBgnff0sG8Z0,https://www.google.com/maps/place/?q=place_id:ChIJm_8_MiL8mzkRBgnff0sG8Z0,part_135,2026-09-22 06:01:43,13784
Global Academy of English Language,Spoken English Institute,English language school,"English language school, English language camp, Language school",416523,Maharashtra Circle,Goa-Panaji Region,SINDHUDURG DIVISION,"Parula S.O, Bhogave B.O, Karliwadi B.O",+91 90055 17733,http://www.gaelinstitute.in/,5.0,,"Honda Showroom, 10A, Chandrakanta Building, opp. Golden Tulip Hotel, beside Vidhan Sabha Marg, Husainganj, Lucknow, Uttar Pradesh 226001",Husainganj,26.8383653,80.9342009,ChIJB_nB6cz9mzkRJ5Cqp8moG8s,https://www.google.com/maps/place/?q=place_id:ChIJB_nB6cz9mzkRJ5Cqp8moG8s,part_135,2026-09-22 06:01:43,13785
Zeal For Fluency,Spoken English Institute,English language school,"English language school, Education center, English language camp, Personal trainer, Training center",416523,Maharashtra Circle,Goa-Panaji Region,SINDHUDURG DIVISION,"Parula S.O, Bhogave B.O, Karliwadi B.O",+91 98933 19160,https://www.justdial.com/Indore/Zeal-For-Fluency-Bhawar-Kuan/0731PX731-X731-100719002127-N5G6_BZDET,4.4,,"Shop No. 2, 2nd Floor, Ranawat Trade Center, Bhawarkua Main Rd, Bhavarkuan Square, Professor Colony, Indore, Madhya Pradesh 452001","Bhavarkuan Square, Professor Colony",22.6930963,75.8676395,ChIJNWFz9-T8YjkR_rI8Y4TkhN4,https://www.google.com/maps/place/?q=place_id:ChIJNWFz9-T8YjkR_rI8Y4TkhN4,part_135,2026-09-22 06:01:43,13786
AMERICAN INSTITUTE OF ENGLISH LANGUAGE PVT.LTD,Spoken English Institute,English language school,English language school,416523,Maharashtra Circle,Goa-Panaji Region,SINDHUDURG DIVISION,"Parula S.O, Bhogave B.O, Karliwadi B.O",+91 74990 70233,N/A,4.9,,"312, Munshipulia Chouraha, Sector 16, Indira Nagar, Lucknow, Uttar Pradesh 226016","Sector 16, Indira Nagar",26.885776999999997,80.9951672,ChIJsSLZYgdYmTkRrXJoZ4yXvro,https://www.google.com/maps/place/?q=place_id:ChIJsSLZYgdYmTkRrXJoZ4yXvro,part_135,2026-09-22 06:01:43,13787
SpeakWell Spoken English Classes II Best Personality Development Academy || Top Interview Techniques Institute In Nagpur,Spoken English Institute,English language school,"English language school, Education center, Educational institution, English language camp, Language school",416523,Maharashtra Circle,Goa-Panaji Region,SINDHUDURG DIVISION,"Parula S.O, Bhogave B.O, Karliwadi B.O",+91 77578 54042,https://spokenenglishnagpur.com/,4.9,,"2nd Floor, Besides Huber & Holy, Plot No 11, Ambazari Layout, Daga Layout, Nagpur, Maharashtra 440033","Daga Layout, Gandhi Nagar",21.131407199999998,79.0527512,ChIJu_6oegbB1DsRKRI2mAaj5sI,https://www.google.com/maps/place/?q=place_id:ChIJu_6oegbB1DsRKRI2mAaj5sI,part_135,2026-09-22 06:01:43,13788
ME4U Academy,Spoken English Institute,English language school,"English language school, Coaching Center, English language camp, Private Tutor, Teachers college, Tutoring service",416523,Maharashtra Circle,Goa-Panaji Region,SINDHUDURG DIVISION,"Parula S.O, Bhogave B.O, Karliwadi B.O",+91 89048 84654,https://me4u.co.in/,4.9,,"82, 2nd Main Rd, beside Zudio cross, Siddeshwar Park, Vidya Nagar, Hubballi, Karnataka 580021","Siddeshwar Park, Vidya Nagar",15.3630158,75.1177886,ChIJAUkD5ELXuDsRDaNZGhVThsQ,https://www.google.com/maps/place/?q=place_id:ChIJAUkD5ELXuDsRDaNZGhVThsQ,part_135,2026-09-22 06:01:43,13789
Leo's English Speaking Classes,Spoken English Institute,English language school,"English language school, Education center, Training center",416523,Maharashtra Circle,Goa-Panaji Region,SINDHUDURG DIVISION,"Parula S.O, Bhogave B.O, Karliwadi B.O",+91 70309 29115,https://englishspeakingclassesnagpur.com/,5.0,,"Shashank Empire, 6, Koradi Rd, Sai Sewashram Society, Arya Nagar, Shambhu Nagar, Nagpur, Maharashtra 440030","Sai Sewashram Society, Arya Nagar, Shambhu Nagar",21.2048426,79.0807849,ChIJR52gcYPB1DsRcN1_l49c_tw,https://www.google.com/maps/place/?q=place_id:ChIJR52gcYPB1DsRcN1_l49c_tw,part_135,2026-09-22 06:01:43,13790
Russell's Institute Of Spoken English,Spoken English Institute,English language school,English language school,416523,Maharashtra Circle,Goa-Panaji Region,SINDHUDURG DIVISION,"Parula S.O, Bhogave B.O, Karliwadi B.O",+91 98666 18880,http://www.russells.in/,4.3,,"4th Floor, Lane, adjacent to Topaz Building, Punjagutta Officers Colony, Somajiguda, Hyderabad, Telangana 500016","Punjagutta Officers Colony, Somajiguda",17.429257,78.454619,ChIJ1fyIvBCXyzsRYTMEuNJTNT8,https://www.google.com/maps/place/?q=place_id:ChIJ1fyIvBCXyzsRYTMEuNJTNT8,part_135,2026-09-22 06:01:43,13791
Learn English With Parul Arya,Spoken English Institute,Education center,Education center,416523,Maharashtra Circle,Goa-Panaji Region,SINDHUDURG DIVISION,"Parula S.O, Bhogave B.O, Karliwadi B.O",+91 91308 16143,https://learnenglishwithparularya.in/,4.8,,"House No. E-74, near Nandanvan Police Station, New Nandanvan Layout, Nandanvan, Nagpur, Maharashtra 440024","New Nandanvan Layout, Nandanvan",21.1355571,79.12370399999999,ChIJU4asyLnH1DsRHtnW6RDzqwI,https://www.google.com/maps/place/?q=place_id:ChIJU4asyLnH1DsRHtnW6RDzqwI,part_135,2026-09-22 06:01:43,13792
Turning Point Institute,Spoken English Institute,Coaching Center,"Coaching Center, English language school",416524,Maharashtra Circle,Goa-Panaji Region,SINDHUDURG DIVISION,"Walaval S.O, Chendavan B.O, Kavathi B.O",+91 97255 00435,https://www.turningpointinstitute.in/,4.8,,"The Grand Monarch, 306, 100 Feet Anand Nagar Rd, near Sima Hall, beside Diamond Gym lounge, Satellite, Ahmedabad, Gujarat 380015",Satellite,23.013236199999998,72.5210221,ChIJoQOCCs-EXjkRfuejsY7so9E,https://www.google.com/maps/place/?q=place_id:ChIJoQOCCs-EXjkRfuejsY7so9E,part_135,2026-09-22 06:02:16,18336
Moradabad English Academy,Spoken English Institute,English language school,"English language school, Language school",416524,Maharashtra Circle,Goa-Panaji Region,SINDHUDURG DIVISION,"Walaval S.O, Chendavan B.O, Kavathi B.O",+91 98378 89468,N/A,4.9,,"Azad Nagar, Karula, Moradabad, Uttar Pradesh 244001","Azad Nagar, Karula",28.805369499999998,78.7642625,ChIJnzKYpxn7CjkRv0I7-M-3o4I,https://www.google.com/maps/place/?q=place_id:ChIJnzKYpxn7CjkRv0I7-M-3o4I,part_135,2026-09-22 06:02:16,18337
"Blossom Institute, Shaan sir",Spoken English Institute,English language school,"English language school, CBSE School, Coaching Center, Education center, Educational consultant, Educational institution, Private Tutor, Tutoring service",416524,Maharashtra Circle,Goa-Panaji Region,SINDHUDURG DIVISION,"Walaval S.O, Chendavan B.O, Kavathi B.O",+91 96248 86029,http://blossomspokenenglish.in/,4.9,,"1st Floor, Sahajanand Complex, 117, New CG Rd, opp. Bharat Petrol Pump, nr. Sona Cross Road, Full Stop Society, Nigam Nagar, Chandkheda, Ahmedabad, Gujarat 382424","Full Stop Society, Nigam Nagar, Chandkheda",23.108940699999998,72.589081,ChIJbX9RvauDXjkRBSwGtQuu2Bs,https://www.google.com/maps/place/?q=place_id:ChIJbX9RvauDXjkRBSwGtQuu2Bs,part_135,2026-09-22 06:02:16,18338
Blossom Spoken English Institute,Spoken English Institute,Education center,"Education center, CBSE School, Coaching Center, Educational consultant, Private Tutor, Tutoring service",416524,Maharashtra Circle,Goa-Panaji Region,SINDHUDURG DIVISION,"Walaval S.O, Chendavan B.O, Kavathi B.O",+91 95740 42225,https://linktr.ee/theblossom3,4.0,,"shop No.207, 2nd floor, Antilia Anant Shashtri Nagar, Ghatlodiya, Naranpura, Ahmedabad, Gujarat 380063","Ghatlodiya, Naranpura",23.0627629,72.55134509999999,ChIJEQ4yYM2DXjkRt_Y3rV88sxw,https://www.google.com/maps/place/?q=place_id:ChIJEQ4yYM2DXjkRt_Y3rV88sxw,part_135,2026-09-22 06:02:16,18339
"Navin Julka's Academy of IELTS & PTE, Student Visa for UK",Spoken English Institute,Coaching Center,"Coaching Center, French language school",416524,Maharashtra Circle,Goa-Panaji Region,SINDHUDURG DIVISION,"Walaval S.O, Chendavan B.O, Kavathi B.O",+91 81288 47113,http://www.academyofielts.com/,4.9,,"6th Floor, The 132, 603-604, 132 Feet Ring Rd, near Pujya Ravi Shankar Maharaj Fly Overbridge, AEC Char Rasta, Naranpura, Ahmedabad, Gujarat 380013","AEC Char Rasta, Naranpura",23.056268499999998,72.5487701,ChIJEfs5fZ6EXjkR0ZywHnCmtwA,https://www.google.com/maps/place/?q=place_id:ChIJEfs5fZ6EXjkR0ZywHnCmtwA,part_135,2026-09-22 06:02:16,18340
British Institute Of Spoken English & P.D.,Spoken English Institute,Educational institution,Educational institution,416524,Maharashtra Circle,Goa-Panaji Region,SINDHUDURG DIVISION,"Walaval S.O, Chendavan B.O, Kavathi B.O",+91 62323 60306,https://britishinstitute.co.in/,3.7,,"987-A, Footi Kothi Rd, above Punjab National Bank, near Ranjeet Hanuman Temple, Phooti Kothi, Sector D, Sudama Nagar, Indore, Madhya Pradesh 452009","Phooti Kothi, Sector D, Sudama Nagar",22.6950918,75.8300488,ChIJFxgku4b9YjkRJRztyPGM8Ac,https://www.google.com/maps/place/?q=place_id:ChIJFxgku4b9YjkRJRztyPGM8Ac,part_135,2026-09-22 06:02:16,18341
V.I.C.S English Classes,Spoken English Institute,Coaching Center,"Coaching Center, English language school",416524,Maharashtra Circle,Goa-Panaji Region,SINDHUDURG DIVISION,"Walaval S.O, Chendavan B.O, Kavathi B.O",+91 96363 60427,N/A,4.7,,"LBSC Public School, 316, Janak Marg, Hanuman Nagar Ext, Hanuman Nagar Extension, Khatipura, Jaipur, Jaipur Nagar Nigam Area, Rajasthan 302012","Hanuman Nagar Ext, Hanuman Nagar Extension, Khatipura",26.930436999999998,75.7399066,ChIJ_Xmx-mazbTkR2XM0CqQAgro,https://www.google.com/maps/place/?q=place_id:ChIJ_Xmx-mazbTkR2XM0CqQAgro,part_135,2026-09-22 06:02:16,18342
Western Academy,Spoken English Institute,English language camp,English language camp,416524,Maharashtra Circle,Goa-Panaji Region,SINDHUDURG DIVISION,"Walaval S.O, Chendavan B.O, Kavathi B.O",+91 95580 12533,http://westernacademy.in/,4.9,,"Pushkar Business Park, A-416, Lal Bahadur Shastri Rd, near D"" mart, Tolnaka, Bapunagar, Ahmedabad, Gujarat 382345","Tolnaka, Bapunagar",23.042116399999998,72.6312307,ChIJ09yKCUSHXjkR3qrEzUb-wJo,https://www.google.com/maps/place/?q=place_id:ChIJ09yKCUSHXjkR3qrEzUb-wJo,part_135,2026-09-22 06:02:16,18343
Arora Classes Best Spoken English Institution,Spoken English Institute,Coaching Center,"Coaching Center, English language school, Instruction",416524,Maharashtra Circle,Goa-Panaji Region,SINDHUDURG DIVISION,"Walaval S.O, Chendavan B.O, Kavathi B.O",+91 74084 05978,N/A,4.7,452.0,"3rd Floor, Gurunanak Complex, Police Station, behind Sigra, Kamla Nagar, Kashi Vidyapith, Chetganj, Varanasi, Uttar Pradesh 221002","Kamla Nagar, Kashi Vidyapith, Chetganj",25.3194745,82.99023919999999,ChIJS4tBif8tjjkRejrMZN_OqOw,https://www.google.com/maps/place/?q=place_id:ChIJS4tBif8tjjkRejrMZN_OqOw,part_135,2026-09-22 06:02:18,18344
Spoken English Guru,Spoken English Institute,Educational institution,Educational institution,416524,Maharashtra Circle,Goa-Panaji Region,SINDHUDURG DIVISION,"Walaval S.O, Chendavan B.O, Kavathi B.O",+91 84484 43310,http://www.spokenenglish.guru/,4.7,110.0,"Phase 1, D-3, Transport Nagar, Subhash Nagar, Dehradun, Sewla Khurd, Uttarakhand 248002","Transport Nagar, Subhash Nagar",30.2818446,77.9888825,ChIJEzEEFeArCTkRpu9ehhqYH8Q,https://www.google.com/maps/place/?q=place_id:ChIJEzEEFeArCTkRpu9ehhqYH8Q,part_135,2026-09-22 06:02:18,18345
VIP Academy,Spoken English Institute,Coaching Center,"Coaching Center, English language school",416524,Maharashtra Circle,Goa-Panaji Region,SINDHUDURG DIVISION,"Walaval S.O, Chendavan B.O, Kavathi B.O",+91 96388 77110,http://vipacademy.in/,4.8,866.0,"Vishwa Arcade, Apartment, Road, nr. Akhbar Nagar, Akhbar Nagar, Nirnay Nagar, Ahmedabad, Gujarat 380013","Akhbar Nagar, Nirnay Nagar",23.0696253,72.5608302,ChIJAQAAwH6DXjkRK7wUuZGNR2M,https://www.google.com/maps/place/?q=place_id:ChIJAQAAwH6DXjkRK7wUuZGNR2M,part_135,2026-09-22 06:02:18,18346
DESTINATION English Institute- Spoken English & Communication Skills (LIVE Online Classes),Spoken English Institute,English language school,"English language school, Coaching Center, English language camp, Grammar school, Language school",416524,Maharashtra Circle,Goa-Panaji Region,SINDHUDURG DIVISION,"Walaval S.O, Chendavan B.O, Kavathi B.O",+91 99596 22623,http://www.destinationenglishinstitute.com/,4.9,,"Second floor Beside Brown Bear Bakery, Bathukamma Kunta, Shivam Rd, Hyderabad, Telangana 500044","Sai Baba Colony, Bagh Amberpet, New Nallakunta",17.397037,78.5120548,ChIJJ7d8qqWZyzsRxrXADdF9kQQ,https://www.google.com/maps/place/?q=place_id:ChIJJ7d8qqWZyzsRxrXADdF9kQQ,part_135,2026-09-22 06:02:18,18347
DEEP for ENGLISH,Spoken English Institute,Coaching Center,"Coaching Center, Language school",416524,Maharashtra Circle,Goa-Panaji Region,SINDHUDURG DIVISION,"Walaval S.O, Chendavan B.O, Kavathi B.O",+91 94419 04088,http://deepforenglish.in/com,4.9,,"304, Tarnaka Main Rd, opp. Aradhana Theatre, Krishna Giri Enclave, Tarnaka, Hyderabad, Secunderabad, Telangana 500017","Krishna Giri Enclave, Tarnaka",17.425719,78.53324719999999,ChIJ9-ZQMq-ZyzsRcV9E5l0jhBc,https://www.google.com/maps/place/?q=place_id:ChIJ9-ZQMq-ZyzsRcV9E5l0jhBc,part_135,2026-09-22 06:02:18,18348
Dream Spoken English Training Institute in Ameerpet | Hyderabad.,Spoken English Institute,English language school,"English language school, Education center, Educational institution, English language camp, Foreign languages program school, Language school, Training center",416524,Maharashtra Circle,Goa-Panaji Region,SINDHUDURG DIVISION,"Walaval S.O, Chendavan B.O, Kavathi B.O",+91 90326 61777,https://www.dreamspokenenglish.com/,4.9,,"Shop No 5, 1st Floor, Sri Sai Arcade, beside Aditya Trade Center, opp. Satyam Theatre Road, Kumar Basti, Ameerpet, Hyderabad, Telangana 500016","Kumar Basti, Ameerpet",17.4371467,78.44755169999999,ChIJS9P_QQ-RyzsRFuv_E8lg1sU,https://www.google.com/maps/place/?q=place_id:ChIJS9P_QQ-RyzsRFuv_E8lg1sU,part_135,2026-09-22 06:02:18,18349
OXFORD HUB SPOKEN ENGLISH,Spoken English Institute,English language school,English language school,416524,Maharashtra Circle,Goa-Panaji Region,SINDHUDURG DIVISION,"Walaval S.O, Chendavan B.O, Kavathi B.O",+91 86868 35161,N/A,4.9,,"Door. No. 7-169/1, South kamala nagar, Road no.1, ECIL Cross Roads, opp. BSNL office, Hyderabad, Telangana 500062","South Kamala Nagar, Kamalanagar, Moula Ali",17.4735233,78.5681544,ChIJk7H4oqydyzsRE-Ot6DbwLeQ,https://www.google.com/maps/place/?q=place_id:ChIJk7H4oqydyzsRE-Ot6DbwLeQ,part_135,2026-09-22 06:02:18,18350
British Institute Of Spoken English,Spoken English Institute,English language school,English language school,416524,Maharashtra Circle,Goa-Panaji Region,SINDHUDURG DIVISION,"Walaval S.O, Chendavan B.O, Kavathi B.O",+91 90006 80045,N/A,4.7,,"Pillar number 54, Bharath petrol pump, Eshwar Towers, 401, 4th Floor, Vinay Nagar Main Rd, Santosh Nagar, Hyderabad, Telangana 500059",Santosh Nagar,17.3517917,78.5067025,ChIJ3W9xA2-YyzsRJFo2z8CXHjQ,https://www.google.com/maps/place/?q=place_id:ChIJ3W9xA2-YyzsRJFo2z8CXHjQ,part_135,2026-09-22 06:02:18,18351
Mahalaxmi English Institute - 2,Spoken English Institute,English language school,"English language school, Coaching Center, Education center, Educational institution, Language school, Learning center, Training center",416524,Maharashtra Circle,Goa-Panaji Region,SINDHUDURG DIVISION,"Walaval S.O, Chendavan B.O, Kavathi B.O",+91 95752 84245,N/A,4.9,,"MEI-2: 296, Airport Rd, behind saint giri school, Venkatesh Nagar Extension, Indore, Madhya Pradesh 452005",Venkatesh Nagar Extension,22.7320896,75.8237461,ChIJxaLg-Pv9YjkRBe5EEee_xLQ,https://www.google.com/maps/place/?q=place_id:ChIJxaLg-Pv9YjkRBe5EEee_xLQ,part_135,2026-09-22 06:02:18,18352
The English Hub,Spoken English Institute,English language school,English language school,416524,Maharashtra Circle,Goa-Panaji Region,SINDHUDURG DIVISION,"Walaval S.O, Chendavan B.O, Kavathi B.O",+91 77995 59278,https://www.theenglishhub.co.in/,4.8,,"A, Aman Nagar, Hussaini Kotha Colony, Bibi Bazaar, Yakhutpura, Hyderabad, Telangana 500023","Aman Nagar, Hussaini Kotha Colony, Bibi Bazaar, Yakhutpura",17.3573088,78.4835294,ChIJHd_ShxiYyzsRIfr7lL4h6mE,https://www.google.com/maps/place/?q=place_id:ChIJHd_ShxiYyzsRIfr7lL4h6mE,part_135,2026-09-22 06:02:18,18353
Mahalaxmi English Institute,Spoken English Institute,Coaching Center,"Coaching Center, Educational institution, Language school",416524,Maharashtra Circle,Goa-Panaji Region,SINDHUDURG DIVISION,"Walaval S.O, Chendavan B.O, Kavathi B.O",+91 98268 61934,N/A,4.9,,"317- 318, 3rd Floor, Shri Krishna Divine Marimata Square, Indore-452006, Indore, Madhya Pradesh 452007","Marimata Chouraha, Mari Mata Square",22.7336611,75.8503587,ChIJQbtvxZz9YjkR_DAWq4Tky3k,https://www.google.com/maps/place/?q=place_id:ChIJQbtvxZz9YjkR_DAWq4Tky3k,part_135,2026-09-22 06:02:18,18354
IMRAN'S SPOKEN ENGLISH & PERSONALITY DEVELOPMENT CLASSES,Spoken English Institute,English language school,"English language school, English language camp, Language school, Personal trainer",416524,Maharashtra Circle,Goa-Panaji Region,SINDHUDURG DIVISION,"Walaval S.O, Chendavan B.O, Kavathi B.O",+91 80859 38024,N/A,4.8,,"101, Welfare Road, near Krishna Adlabs, Nagar Nigam Colony, Samta Colony, Raipur, Chhattisgarh 492001","Nagar Nigam Colony, Samta Colony",21.2460549,81.6246049,ChIJf5Vg2OrdKDoRu8fDLuBw70E,https://www.google.com/maps/place/?q=place_id:ChIJf5Vg2OrdKDoRu8fDLuBw70E,part_135,2026-09-22 06:02:18,18355
Decent Communication Skills - Spoken English,Spoken English Institute,English language school,"English language school, Career guidance service, Coaching Center, Education center, Educational consultant, Grammar school, Language school, Student career counseling office, Training center",416524,Maharashtra Circle,Goa-Panaji Region,SINDHUDURG DIVISION,"Walaval S.O, Chendavan B.O, Kavathi B.O",+91 99091 55222,http://dcs-edu.in/,5.0,,"Shyam Square Complex, 310, Pandri, Raipur, Chhattisgarh 492001","IGVP, Pandri",21.2548015,81.64847809999999,ChIJeRCIkpzdKDoRfOqb2IoM6uQ,https://www.google.com/maps/place/?q=place_id:ChIJeRCIkpzdKDoRfOqb2IoM6uQ,part_135,2026-09-22 06:02:18,18356
Vision Point Foreign Languages Hub,Spoken English Institute,Foreign languages program school,Foreign languages program school,416524,Maharashtra Circle,Goa-Panaji Region,SINDHUDURG DIVISION,"Walaval S.O, Chendavan B.O, Kavathi B.O",+91 98262 92450,http://www.visionpointenglish.com/,4.8,,"301, Raisen Rd, beside Apsara Talkies, Ashoka Enclave, Old Subhash Nagar Colony, Govindpura, Bhopal, Madhya Pradesh 462023","Ashoka Enclave, Old Subhash Nagar Colony, Govindpura",23.2526121,77.4358187,ChIJBd9wJHhCfDkRNT1drte44gU,https://www.google.com/maps/place/?q=place_id:ChIJBd9wJHhCfDkRNT1drte44gU,part_135,2026-09-22 06:02:18,18357
Akanksha Elearning Solutions,Spoken English Institute,Training center,"Training center, Coaching Center",416524,Maharashtra Circle,Goa-Panaji Region,SINDHUDURG DIVISION,"Walaval S.O, Chendavan B.O, Kavathi B.O",+91 98446 75650,http://www.akankshaelearningcourse.com/,4.9,,"pooja arcade, Bus stand, 951, 16th B Cross Rd, MIG Sector B, Yelahanka Satellite Town, Yelahanka New Town, Bengaluru, Karnataka 560064","MIG Sector B, Yelahanka Satellite Town, Yelahanka New Town",13.096679199999999,77.5786097,ChIJpRDZjF8YrjsRjGBKsgscJBM,https://www.google.com/maps/place/?q=place_id:ChIJpRDZjF8YrjsRjGBKsgscJBM,part_135,2026-09-22 06:02:18,18358
Unique Spoken English,Spoken English Institute,Educational institution,Educational institution,416524,Maharashtra Circle,Goa-Panaji Region,SINDHUDURG DIVISION,"Walaval S.O, Chendavan B.O, Kavathi B.O",+91 81037 37133,N/A,5.0,,"C-71, square, behind Sai temple, Radhaswami Nagar, Bhatagaon, Raipur, Chhattisgarh 492013","Radhaswami Nagar, Bhatagaon",21.217717,81.6259199,ChIJr0MamUrcKDoRODkPGfx6XM4,https://www.google.com/maps/place/?q=place_id:ChIJr0MamUrcKDoRODkPGfx6XM4,part_135,2026-09-22 06:02:18,18359
Libxl-Education Private Limited.,Spoken English Institute,Coaching Center,"Coaching Center, Education center, Educational consultant, Educational institution, English language camp, English language school, French language school, Language school",416524,Maharashtra Circle,Goa-Panaji Region,SINDHUDURG DIVISION,"Walaval S.O, Chendavan B.O, Kavathi B.O",+91 98453 93178,https://www.libeducation.com/,5.0,,"4th Floor, No 6, 2nd Main Rd Samrat Layout, off Bannerghatta Road, Sarvobhogam Nagar, Arekere, Bengaluru, Karnataka 560076","Sarvobhogam Nagar, Arekere",12.8874192,77.5995714,ChIJnaqQqDoVrjsRwYuajcTRM0A,https://www.google.com/maps/place/?q=place_id:ChIJnaqQqDoVrjsRwYuajcTRM0A,part_135,2026-09-22 06:02:18,18360
Peter Sharaon's English Speaking Course,Spoken English Institute,Education center,Education center,416525,Maharashtra Circle,Goa-Panaji Region,SINDHUDURG DIVISION,"Deulwada Nerur S.O, Nerur B.O",N/A,N/A,,,"nr. Police Station, Kumbharwadi, Kudal, Maharashtra 416520",Kumbharwadi,16.0056677,73.686747,ChIJy4jBfVMPwDsRTnnaiDlgGKQ,https://www.google.com/maps/place/?q=place_id:ChIJy4jBfVMPwDsRTnnaiDlgGKQ,part_135,2026-09-22 06:02:52,20942
EKAGRA Spoken English Training Centre,Spoken English Institute,Education center,Education center,416525,Maharashtra Circle,Goa-Panaji Region,SINDHUDURG DIVISION,"Deulwada Nerur S.O, Nerur B.O",+91 88888 27502,N/A,5.0,2.0,"363, Juni Peth, Bhosale Nagar, Pandharpur, Maharashtra 413304","Juni Peth, Bhosale Nagar",17.6821421,75.3313009,ChIJpTrLa_gXxDsRAAAAMB17nH4,https://www.google.com/maps/place/?q=place_id:ChIJpTrLa_gXxDsRAAAAMB17nH4,part_135,2026-09-22 06:02:52,20943
THAKUR CLASSES NAGPUR BEST ENGLISH SPEAKING CLASSES & PERSONALITY DEVELOPMENT By RAKESH THAKUR SIR,Spoken English Institute,English language school,"English language school, Coaching Center",416525,Maharashtra Circle,Goa-Panaji Region,SINDHUDURG DIVISION,"Deulwada Nerur S.O, Nerur B.O",+91 788 730 7959,N/A,5.0,1851.0,"Sant Gajanan Maharaj Gate, Naik Road, Zenda Chowk, Mahal, Nagpur, Maharashtra 440032",Mahal,21.143127,79.1114903,ChIJ3UNJa_zH1DsRoTaZhfFHU1I,https://www.google.com/maps/place/?q=place_id:ChIJ3UNJa_zH1DsRoTaZhfFHU1I,part_135,2026-09-22 06:02:53,20944
Alchemist Spoken English,Spoken English Institute,English language school,English language school,416525,Maharashtra Circle,Goa-Panaji Region,SINDHUDURG DIVISION,"Deulwada Nerur S.O, Nerur B.O",+91 83087 75852,N/A,4.8,453.0,"Anant vihar Building, F-11, opp. T.C College, Baramati, Maharashtra 413102",416525,18.1584432,74.5782116,ChIJLXAqDRuhwzsRZpkZX0x7GuI,https://www.google.com/maps/place/?q=place_id:ChIJLXAqDRuhwzsRZpkZX0x7GuI,part_135,2026-09-22 06:02:54,20945
DISHA English speaking training centre kolhapur,Spoken English Institute,English language school,English language school,416526,Maharashtra circle,Goa-Panaji Region,Kolhapur Division,"Ainapur B.O, Hiralge B.O, Karambali B.O",+91 99755 91051,N/A,4.9,,"Binkhambi Ganesh mandir, near Osho hotel, opp. Khelkhajana toy's Shop, B Ward, C Ward, Kolhapur, Maharashtra 416012","B Ward, C Ward",16.6929084,74.224119,ChIJlQAkIQkAwTsR1dKjm49Lmxo,https://www.google.com/maps/place/?q=place_id:ChIJlQAkIQkAwTsR1dKjm49Lmxo,part_135,2026-09-22 06:03:26,23852
Professional Learning Institute,Spoken English Institute,Learning center,Learning center,416526,Maharashtra circle,Goa-Panaji Region,Kolhapur Division,"Ainapur B.O, Hiralge B.O, Karambali B.O",+91 74480 30904,N/A,5.0,,"1st floor, Mahalaxmi Chambers, Block No - 27 D Building, Maharashtra 416001","Railway Colony, Shahupuri",16.7031635,74.24178859999999,ChIJa5Qeg8UBwTsRaynMGerLATU,https://www.google.com/maps/place/?q=place_id:ChIJa5Qeg8UBwTsRaynMGerLATU,part_135,2026-09-22 06:03:26,23853
SHREYAS CLASSES,Spoken English Institute,Coaching Center,Coaching Center,416526,Maharashtra circle,Goa-Panaji Region,Kolhapur Division,"Ainapur B.O, Hiralge B.O, Karambali B.O",+91 98810 97449,https://miniwebsite.digitronsoftwares.com/SHREYAS-CLASSES-,4.8,,"bawane galli, behind National Congress Party(Congress I ) Ichalkaranji Office, Sodage Mala, Kagwade Mala, Ichalkaranji, Maharashtra 416115","Sodage Mala, Kagwade Mala",16.6850167,74.4616058,ChIJ92Nb_HriwDsR4QJ1F653ZM4,https://www.google.com/maps/place/?q=place_id:ChIJ92Nb_HriwDsR4QJ1F653ZM4,part_135,2026-09-22 06:03:26,23854
Samana's English Speaking,Spoken English Institute,English language school,English language school,416526,Maharashtra circle,Goa-Panaji Region,Kolhapur Division,"Ainapur B.O, Hiralge B.O, Karambali B.O",N/A,N/A,5.0,,"1st Floor, Patil Niwas, Opp Ajinkya Tara Hotel, Halkarni, Kolhapur, Kolhapur, Maharashtra 416008","Poorvarang, Rajarampuri",16.691308,74.244866,ChIJe0nJ-zwAwTsRpvKYthkCZ8c,https://www.google.com/maps/place/?q=place_id:ChIJe0nJ-zwAwTsRpvKYthkCZ8c,part_135,2026-09-22 06:03:26,23855
Skill Square Academy English Speaking and IELTS Centre Kolhapur,Spoken English Institute,English language school,English language school,416526,Maharashtra circle,Goa-Panaji Region,Kolhapur Division,"Ainapur B.O, Hiralge B.O, Karambali B.O",+91 91461 53377,https://www.skillsquare.co.in/?utm_source=google&utm_medium=organic&utm_campaign=gmb-listing,4.9,202.0,"1168 B Ward, Rajghat Rd, near Binkhambi Ganesh Mandir, Mangalwar Peth, Kolhapur, Maharashtra 416012","Mangalwar Peth, C Ward",16.6932056,74.2229855,ChIJXQ7sZR8BwTsR8UTiOPOl4eU,https://www.google.com/maps/place/?q=place_id:ChIJXQ7sZR8BwTsR8UTiOPOl4eU,part_135,2026-09-22 06:03:26,23856
Daksh English Academy,Spoken English Institute,English language school,English language school,416526,Maharashtra circle,Goa-Panaji Region,Kolhapur Division,"Ainapur B.O, Hiralge B.O, Karambali B.O",+91 96371 31191,N/A,4.8,69.0,"Signal Chowk, next to Aditya Hospital, above D.C, Sangli, C. Bank, Vishrambag, Sangli Miraj Kupwad, Maharashtra 416416","Sangli, C. Bank, Vishrambag",16.8480371,74.5963277,ChIJ9QM8iYEiwTsRzUTxOSeqTac,https://www.google.com/maps/place/?q=place_id:ChIJ9QM8iYEiwTsRzUTxOSeqTac,part_135,2026-09-22 06:03:26,23857
Speak Out( Best Spoken English +Skill training Institute),Spoken English Institute,English language school,"English language school, Coaching Center, Service establishment",416526,Maharashtra circle,Goa-Panaji Region,Kolhapur Division,"Ainapur B.O, Hiralge B.O, Karambali B.O",+91 79806 54823,N/A,5.0,15.0,"Speak Out( Best Spoken English +Skill training Institute), 416526, India",416526,24.374074399999998,87.85113779999999,ChIJN_GWeFOV-DkRQbJK8LdfIic,https://www.google.com/maps/place/?q=place_id:ChIJN_GWeFOV-DkRQbJK8LdfIic,part_135,2026-09-22 06:03:26,23858
Cue - Spoken English Classes,Spoken English Institute,English language school,"English language school, Coaching Center, Educational institution, Language school",416526,Maharashtra circle,Goa-Panaji Region,Kolhapur Division,"Ainapur B.O, Hiralge B.O, Karambali B.O",+91 88891 11983,N/A,5.0,10.0,"Chowk, Ashok Nagar, Sarkanda, Bilaspur, Chhattisgarh 495006","Ashok Nagar, Sarkanda",22.097851499999997,82.15717649999999,ChIJQ4xnDBMLKDoRJ8IUG4V6P7s,https://www.google.com/maps/place/?q=place_id:ChIJQ4xnDBMLKDoRJ8IUG4V6P7s,part_135,2026-09-22 06:03:26,23859
Langways Academy,Spoken English Institute,English language school,"English language school, German language school",416526,Maharashtra circle,Goa-Panaji Region,Kolhapur Division,"Ainapur B.O, Hiralge B.O, Karambali B.O",N/A,https://www.langwaysacademy.com/,,,"Shop no 8, Katkar Park, Csiber Rd, opp. Karnataka Bank, Chowk, Rajarampuri, Kolhapur, Maharashtra 416008","Chowk, Rajarampuri",16.688269,74.2509989,ChIJvY9Vj6MBwTsRgDAMZOSC8Rg,https://www.google.com/maps/place/?q=place_id:ChIJvY9Vj6MBwTsRgDAMZOSC8Rg,part_135,2026-09-22 06:03:27,23860
Spoken English Classes in Pune SevenMentor,Spoken English Institute,English language school,"English language school, Education center, Educational institution, French language school, German language school, Human resource consulting, Language school, Training center",416526,Maharashtra circle,Goa-Panaji Region,Kolhapur Division,"Ainapur B.O, Hiralge B.O, Karambali B.O",+91 20 7117 1727,https://www.sevenmentor.com/spoken-engilsh-classes-in-pune.php,4.8,,"2nd Floor, Shreenath Plaza, Dnyaneshwar Paduka Chowk, Office No 46A, Pune, Maharashtra 411005","Sud Nagar, Shivajinagar",18.526529999999998,73.84263,ChIJR0L1nc7BwjsRfyudU-pqZK8,https://www.google.com/maps/place/?q=place_id:ChIJR0L1nc7BwjsRfyudU-pqZK8,part_135,2026-09-22 06:03:27,23861
SPOKEN ENGLISH,Spoken English Institute,Foreign languages program school,Foreign languages program school,416526,Maharashtra circle,Goa-Panaji Region,Kolhapur Division,"Ainapur B.O, Hiralge B.O, Karambali B.O",N/A,N/A,,,"Gandhi Bazaar, Sakkirapuram, Tamil Nadu 604202",Gandhi Bazaar,12.2515232,79.4166178,ChIJRdTlS3I1UzoROyvWT6-y64E,https://www.google.com/maps/place/?q=place_id:ChIJRdTlS3I1UzoROyvWT6-y64E,part_135,2026-09-22 06:03:27,23862
Tejaswini English Speaking Class,Spoken English Institute,Training center,Training center,416527,Maharashtra Circle,Goa-Panaji Region,Kolhapur Division,Tillarinagar S.O,N/A,N/A,,,"First Floor, near Chicken Center, StopHalkarni, Ambewadi, Maharashtra 416552",416527,15.889364599999999,74.2531465,ChIJs2qe1uJ_vzsRBTmWqdfOlZg,https://www.google.com/maps/place/?q=place_id:ChIJs2qe1uJ_vzsRBTmWqdfOlZg,part_135,2026-09-22 06:04:01,26155
CONQUER ENGLISH,Spoken English Institute,English language school,English language school,416527,Maharashtra Circle,Goa-Panaji Region,Kolhapur Division,Tillarinagar S.O,+91 63826 82819,http://conquerenglish.in/,4.8,124.0,"3rd floor, shop no 2, seven star complex, No.119, Madras Thiruvallur High Rd, Chinmaya Nagar Stage 1, Ram Nagar, Ambattur, Chennai, Tamil Nadu 600053","Chinmaya Nagar Stage 1, Ram Nagar, Ambattur",13.1223785,80.1471755,ChIJiXInxV9jUjoRVqRIA1KrGls,https://www.google.com/maps/place/?q=place_id:ChIJiXInxV9jUjoRVqRIA1KrGls,part_135,2026-09-22 06:04:03,26156
Eurolingua Institute,Spoken English Institute,Language school,"Language school, Adult education school, Coaching Center",416527,Maharashtra Circle,Goa-Panaji Region,Kolhapur Division,Tillarinagar S.O,+91 98902 88324,N/A,4.7,,"Manoshanti complex, C wing, Dr Gama Pinto Rd, Opp. Hotel Manoshanti, Altinho, Panaji, Goa 403001","Opp. Hotel Manoshanti, Altinho",15.4950142,73.8243829,ChIJRbX-mZLAvzsRHxOKOsDYSDg,https://www.google.com/maps/place/?q=place_id:ChIJRbX-mZLAvzsRHxOKOsDYSDg,part_135,2026-09-22 06:04:03,26157
Languageberg,Spoken English Institute,English language school,"English language school, Language school, German language school",416527,Maharashtra Circle,Goa-Panaji Region,Kolhapur Division,Tillarinagar S.O,N/A,N/A,5.0,,"2nd Floor, Shree Apartment, 4th Ln, near C'Lai World, Poorvarang, Mahalaxminagar, Rajarampuri, Kolhapur, Maharashtra 416008","Poorvarang, Mahalaxminagar, Rajarampuri",16.6960253,74.2425631,ChIJGzqqEZkBwTsRw3YZ8Tdwnwk,https://www.google.com/maps/place/?q=place_id:ChIJGzqqEZkBwTsRw3YZ8Tdwnwk,part_135,2026-09-22 06:04:03,26158
Galaxy Spoken English Academy,Spoken English Institute,English language school,English language school,416528,Maharashtra Circle,Goa-Panaji Region,SINDHUDURG DIVISION,"Industrial Area Pinguli S.O, Pinguli B.O",+91 98230 97216,N/A,4.8,,"Bankar Colony, Utkarsh Nagar, Hadapsar, Pune, Maharashtra 411028","Bankar Colony, Utkarsh Nagar, Hadapsar",18.4995388,73.9456719,ChIJ_____wPCwjsRu-yULCN0cvM,https://www.google.com/maps/place/?q=place_id:ChIJ_____wPCwjsRu-yULCN0cvM,part_135,2026-09-22 06:04:37,28759
Fluence Spoken English and Soft Skills Institute,Spoken English Institute,English language school,English language school,416528,Maharashtra Circle,Goa-Panaji Region,SINDHUDURG DIVISION,"Industrial Area Pinguli S.O, Pinguli B.O",+91 86230 34830,http://fluencespokenenglish.com/,5.0,,"2nd floor, Raje Heights, opposite SGM College Road, Ashtavinayak Colony, Vidyanagar, Karad, Saidapur, Maharashtra 415124","Ashtavinayak Colony, Vidyanagar",17.302926,74.1885151,ChIJVYFsWDuCwTsRahGjfiKyGu0,https://www.google.com/maps/place/?q=place_id:ChIJVYFsWDuCwTsRahGjfiKyGu0,part_135,2026-09-22 06:04:37,28760
Niell Spoken English Classes,Spoken English Institute,Coaching Center,Coaching Center,416528,Maharashtra Circle,Goa-Panaji Region,SINDHUDURG DIVISION,"Industrial Area Pinguli S.O, Pinguli B.O",+91 62663 94121,https://www.instagram.com/niell_881?igsh=ZWthd3B2NmN6MGxv&utm_source=qr,5.0,,"Vijay Nagar Square, Sector A, Ganga Devi Nagar, Indore, Madhya Pradesh 452010","Sector A, Ganga Devi Nagar",22.7503657,75.90000739999999,ChIJKSIOq6riYjkRHlJs_vliBmI,https://www.google.com/maps/place/?q=place_id:ChIJKSIOq6riYjkRHlJs_vliBmI,part_135,2026-09-22 06:04:38,28761
INNOVATIVE Institute of Spoken English & Personality Development,Spoken English Institute,Coaching Center,Coaching Center,416528,Maharashtra Circle,Goa-Panaji Region,SINDHUDURG DIVISION,"Industrial Area Pinguli S.O, Pinguli B.O",+91 99931 57444,N/A,4.9,,"FV8C+47W, Dr. Radhakrishnan Nagar, Neemuch Chawni, Neemuch, Madhya Pradesh 458441","Dr. Radhakrishnan Nagar, Neemuch Chawni",24.465356999999997,74.8706953,ChIJmfgCGCVzZjkR5C3ynimQ4NI,https://www.google.com/maps/place/?q=place_id:ChIJmfgCGCVzZjkR5C3ynimQ4NI,part_135,2026-09-22 06:04:38,28762
Pinnacle Institute of Spoken English & Personality Development,Spoken English Institute,Coaching Center,Coaching Center,416528,Maharashtra Circle,Goa-Panaji Region,SINDHUDURG DIVISION,"Industrial Area Pinguli S.O, Pinguli B.O",+91 93037 77747,N/A,5.0,,"28, MIG, Bapat Square, near Murliwala Sweets, Sukhliya, Indore, Madhya Pradesh 452010","Sector A, Sukhliya",22.7556959,75.8771579,ChIJj-BrvpMDYzkRoNoCHoAmyJ8,https://www.google.com/maps/place/?q=place_id:ChIJj-BrvpMDYzkRoNoCHoAmyJ8,part_135,2026-09-22 06:04:38,28763
The English Junction - M.P Nagar Bhopal,Spoken English Institute,English language school,"English language school, Coaching Center, Education center, Educational institution, Training center",416528,Maharashtra Circle,Goa-Panaji Region,SINDHUDURG DIVISION,"Industrial Area Pinguli S.O, Pinguli B.O",+91 91110 22119,http://www.theenglishjunction.in/,5.0,,"1st Floor, 128/07, next to Sharma Vishnu, Zone-2, Maharana Pratap Nagar, Bhopal, Madhya Pradesh 462011","Zone-2, Maharana Pratap Nagar",23.2294958,77.436381,ChIJdUY-b4NDfDkR0QxkiEJRZMo,https://www.google.com/maps/place/?q=place_id:ChIJdUY-b4NDfDkR0QxkiEJRZMo,part_135,2026-09-22 06:04:38,28764
English speaking village,Spoken English Institute,Coaching Center,Coaching Center,416528,Maharashtra Circle,Goa-Panaji Region,SINDHUDURG DIVISION,"Industrial Area Pinguli S.O, Pinguli B.O",N/A,N/A,5.0,,"JL/944, Kotra Sultanbad Rd, woodart, Kotra Sultanabad, Bhopal, Madhya Pradesh 462003","woodart, Kotra Sultanabad",23.216689499999998,77.3921515,ChIJa-dJ93ZDfDkRpaL0vn3CEIc,https://www.google.com/maps/place/?q=place_id:ChIJa-dJ93ZDfDkRpaL0vn3CEIc,part_135,2026-09-22 06:04:38,28765
British English Institute ! Spoken English and personality development ! Kolar road Bhopal,Spoken English Institute,English language school,English language school,416528,Maharashtra Circle,Goa-Panaji Region,SINDHUDURG DIVISION,"Industrial Area Pinguli S.O, Pinguli B.O",+91 75097 28977,N/A,4.8,,"infront of canara bank, Kolar main road, Plot no 1, Banjari, main road, kolar, Bhopal, Madhya Pradesh 462042","Sarvadharam C Sector, Shirdipuram, Kolar Rd",23.178355999999997,77.4178167,ChIJq6qqemZCfDkRW-kvp6_m8Yk,https://www.google.com/maps/place/?q=place_id:ChIJq6qqemZCfDkRW-kvp6_m8Yk,part_135,2026-09-22 06:04:38,28766
Modern English - MP Nagar Center,Spoken English Institute,English language school,"English language school, Career guidance service, Coaching Center, Educational institution, Personal trainer, Training center, Vocational school",416528,Maharashtra Circle,Goa-Panaji Region,SINDHUDURG DIVISION,"Industrial Area Pinguli S.O, Pinguli B.O",+91 88238 76221,https://modern-english-mp-nagar-center.localo.site/,4.8,,"top floor, Front Side, No.131/16, Kalpataru Tower, in front of Mahendra Coaching, Near Pragati Petrol Pump, Zone-II, Maharana Pratap Nagar, Bhopal, Madhya Pradesh 462011","Near Pragati Petrol Pump, Zone-II, Maharana Pratap Nagar",23.2290876,77.4356431,ChIJqxFcsNlDfDkRd1XU6eyY-5E,https://www.google.com/maps/place/?q=place_id:ChIJqxFcsNlDfDkRd1XU6eyY-5E,part_135,2026-09-22 06:04:38,28767
Ideal class & spoken English,Spoken English Institute,Private Tutor,Private Tutor,416528,Maharashtra Circle,Goa-Panaji Region,SINDHUDURG DIVISION,"Industrial Area Pinguli S.O, Pinguli B.O",+91 99741 56115,N/A,4.9,,"222 silver stone arcade, Singanpore, Kataragam, Surat, Gujarat 395004","River Park Society, Singanpor",21.225063,72.8071302,ChIJYxk336BO4DsRZrJWNlnlNbw,https://www.google.com/maps/place/?q=place_id:ChIJYxk336BO4DsRZrJWNlnlNbw,part_135,2026-09-22 06:04:38,28768
British Hub,Spoken English Institute,English language school,English language school,416528,Maharashtra Circle,Goa-Panaji Region,SINDHUDURG DIVISION,"Industrial Area Pinguli S.O, Pinguli B.O",+91 84017 74517,N/A,4.9,,"MR5Q+4CW, Vasant Vihar Phase 1, Dhakoli, Zirakpur, Punjab 160104","Vasant Vihar Phase 1, Dhakoli",30.6578694,76.83856999999999,ChIJ4SqC9seUDzkRGRAOCEc1Ge8,https://www.google.com/maps/place/?q=place_id:ChIJ4SqC9seUDzkRGRAOCEc1Ge8,part_135,2026-09-22 06:04:38,28769
IRENIC Institute of English Studies,Spoken English Institute,Coaching Center,"Coaching Center, Education center",416528,Maharashtra Circle,Goa-Panaji Region,SINDHUDURG DIVISION,"Industrial Area Pinguli S.O, Pinguli B.O",+91 98767 22422,https://www.irenicinternational.com/,4.9,,"S.C.O- 248, Second Floor, Sector 20, Panchkula, Haryana 134117",Sector 20,30.670258699999998,76.85646419999999,ChIJRdDE9xiVDzkR7IXxtXnnBKs,https://www.google.com/maps/place/?q=place_id:ChIJRdDE9xiVDzkR7IXxtXnnBKs,part_135,2026-09-22 06:04:38,28770
Global Centre of Languages,Spoken English Institute,Educational institution,"Educational institution, English language school",416528,Maharashtra Circle,Goa-Panaji Region,SINDHUDURG DIVISION,"Industrial Area Pinguli S.O, Pinguli B.O",+91 93692 46069,N/A,4.9,,"Center 3rd floor, Durga City, near MBPG degree college, Subhash Nagar, Bhotia Parao, Haldwani, Uttarakhand 263139","Subhash Nagar, Bhotia Parao",29.229593599999998,79.5304563,ChIJeSHqKgKboDkR_pGiPibIpXk,https://www.google.com/maps/place/?q=place_id:ChIJeSHqKgKboDkR_pGiPibIpXk,part_135,2026-09-22 06:04:38,28771
MindTalks English Academy Rewari,Spoken English Institute,Language school,Language school,416528,Maharashtra Circle,Goa-Panaji Region,SINDHUDURG DIVISION,"Industrial Area Pinguli S.O, Pinguli B.O",+91 90508 58425,http://www.mindtalksenglishacademy.com/,4.5,,"SCO.8, opp. LIC office, Brass Market, Rewari, Haryana 123401",Brass Market,28.190730799999997,76.6118135,ChIJTcNYRXFQDTkRr4q84vhZmZY,https://www.google.com/maps/place/?q=place_id:ChIJTcNYRXFQDTkRr4q84vhZmZY,part_135,2026-09-22 06:04:38,28772
"English speaking course , Shiroda",Spoken English Institute,Education center,Education center,416529,Maharashtra Circle,Goa-Panaji Region,SINDHUDURG DIVISION,"Talavade S.O, Hodavade B.O, Matond B.O",+91 95454 81849,N/A,4.9,,"bazarpeth, Shiroda, Maharashtra 416518",bazarpeth,15.769148099999999,73.6815778,ChIJHx8E7m7xvzsR234gNkqMwsw,https://www.google.com/maps/place/?q=place_id:ChIJHx8E7m7xvzsR234gNkqMwsw,part_135,2026-09-22 06:05:11,30756
Best Spoken English Course,Spoken English Institute,Education center,Education center,416529,Maharashtra Circle,Goa-Panaji Region,SINDHUDURG DIVISION,"Talavade S.O, Hodavade B.O, Matond B.O",+91 90411 41222,N/A,5.0,,"2705 B, Housing Board Colony, Sector 3 (P), Rohtak, Haryana 124001","Housing Board Colony, Sector 3 (P)",28.900737099999997,76.6330912,ChIJFczkL9WFDTkRs05FX5p0r3Q,https://www.google.com/maps/place/?q=place_id:ChIJFczkL9WFDTkRs05FX5p0r3Q,part_135,2026-09-22 06:05:12,30757
Diamond Institute For Spoken English,Spoken English Institute,English language school,English language school,416529,Maharashtra Circle,Goa-Panaji Region,SINDHUDURG DIVISION,"Talavade S.O, Hodavade B.O, Matond B.O",+91 77740 44318,http://diamondse.in/,4.8,,"Pralhad Sankul, Eknath Rang Mandir Rd, New Usmanpura, Chhatrapati Sambhajinagar, Maharashtra 431005",New Usmanpura,19.8698984,75.3283968,ChIJVVVVlWSY2zsRfTWbVrLqXpo,https://www.google.com/maps/place/?q=place_id:ChIJVVVVlWSY2zsRfTWbVrLqXpo,part_135,2026-09-22 06:05:13,30758
More Spoken English,Spoken English Institute,English language school,English language school,416531,Maharashtra Circle,Goa-Panaji Region,SINDHUDURG DIVISION,"Kalmist S.O, Madkhol B.O, Karivade B.O",+91 80876 33929,N/A,4.8,103.0,"C Block, office no 1, Om Mahavir Soc, Bus Stop, Irani Market Rd, behind Yerwada, Yerwada Village, Yerawada, Pune, Maharashtra 411006","Yerwada Village, Yerawada",18.5456173,73.8862606,ChIJY5soCOLAwjsRHc7qzhnmFOI,https://www.google.com/maps/place/?q=place_id:ChIJY5soCOLAwjsRHc7qzhnmFOI,part_135,2026-09-22 06:05:48,31925
Wordpower Global Spoken English & IELTS Classes,Spoken English Institute,Training center,Training center,416534,Maharashtra Circle,Goa-Panaji Region,SINDHUDURG DIVISION,"Sukalwadi S.O, Gavrai B.O, Padve B.O",+91 97652 03315,http://wordpowerspokenenglish.com/,4.8,,"201, Annapurna, 35, near Seasons Business Square, Sanewadi, Aundh, Pune, Maharashtra 411067","Sanewadi, Aundh",18.554900399999998,73.8067253,ChIJq6qqVju_wjsRUcRJ1mtFqTw,https://www.google.com/maps/place/?q=place_id:ChIJq6qqVju_wjsRUcRJ1mtFqTw,part_135,2026-09-22 06:06:24,32864
V-Smart English Academy and Computer Institute,Spoken English Institute,English language school,"English language school, Antenna service, Coaching Center, Elder law attorney, English language camp, Language school, French language school, German language school, Learning center, Software Training Institute",416549,Maharashtra Circle,Goa-Panaji Region,SINDHUDURG DIVISION,"Konalkatta Colony S.O, Ghotagewadi B.O, Ker B.O",+91 97662 27402,https://id.vyaparify.com/v-smart_academy,4.6,,"V-Smart English Academy & Computer Institute, Soma Niwas, Kalewadi - Rahatani Rd, near Kautik Hotel, Rahatani Gaon, Ram Nagar, Pimple Saudagar, Pimpri-Chinchwad, Maharashtra 411017","Rahatani Gaon, Ram Nagar, Pimple Saudagar",18.6030615,73.7926823,ChIJKcdXKJi5wjsRj2b1LXu3Sqo,https://www.google.com/maps/place/?q=place_id:ChIJKcdXKJi5wjsRj2b1LXu3Sqo,part_135,2026-09-22 06:06:58,35518
Jenis German English Ielts French Institution pimpri Chinchwad,Spoken English Institute,Coaching Center,"Coaching Center, Education center, Educational consultant, Educational institution, English language school, French language school, German language school, Student career counseling office",416549,Maharashtra Circle,Goa-Panaji Region,SINDHUDURG DIVISION,"Konalkatta Colony S.O, Ghotagewadi B.O, Ker B.O",+91 97669 80117,N/A,4.8,,"Chandra bhavan commercial complex, Old Mumbai - Pune Hwy, near Nehru Nagar Bhosari Road, opposite KSB Pump, indrani nagar, Kharalwadi, Pimpri Colony, Pimpri-Chinchwad, Pune, Maharashtra 411018","indrani nagar, Kharalwadi, Pimpri Colony",18.622952599999998,73.8088353,ChIJRdUVjFC4wjsRd7MT9Y4zZ7k,https://www.google.com/maps/place/?q=place_id:ChIJRdUVjFC4wjsRd7MT9Y4zZ7k,part_135,2026-09-22 06:06:58,35519
Think Beyond Success – English Academy,Spoken English Institute,English language school,"English language school, Educational institution, English language camp, Grammar school, Language school, Training center, Vocational school",416549,Maharashtra Circle,Goa-Panaji Region,SINDHUDURG DIVISION,"Konalkatta Colony S.O, Ghotagewadi B.O, Ker B.O",+91 95385 44047,http://www.englishwithayesha.com/,5.0,,"2nd Block, Narendra Tent Complex, 8 1st Floor, HBR Layout, 1st Stage, HBR Layout, Bengaluru, Karnataka 560043","HBR Layout, 1st Stage, HBR Layout",13.026549399999999,77.6222571,ChIJze7RsVcWrjsRT0gqCipJnBU,https://www.google.com/maps/place/?q=place_id:ChIJze7RsVcWrjsRT0gqCipJnBU,part_135,2026-09-22 06:06:58,35520
i Academy of Languages and Learning,Spoken English Institute,Education center,"Education center, Educational consultant, Educational institution",416549,Maharashtra Circle,Goa-Panaji Region,SINDHUDURG DIVISION,"Konalkatta Colony S.O, Ghotagewadi B.O, Ker B.O",+91 88000 09190,https://www.iall.in/,4.9,,"Office no 1211, 12 th, floor, Ocus Quantum, near Gurugram University, Sec 51, Gurgaon, Samaspur, Haryana 122018",Sec 51,28.4250071,77.068021,ChIJTcL6A04jDTkRaIZYxzjHd-c,https://www.google.com/maps/place/?q=place_id:ChIJTcL6A04jDTkRaIZYxzjHd-c,part_135,2026-09-22 06:06:58,35521
Eguroo,Spoken English Institute,English language school,"English language school, Coaching Center, Education center, Educational institution, Grammar school, Language school, Training center",416549,Maharashtra Circle,Goa-Panaji Region,SINDHUDURG DIVISION,"Konalkatta Colony S.O, Ghotagewadi B.O, Ker B.O",+91 92104 57777,https://www.eguroo.in/,4.7,,"M-43, Block M, Old DLF Colony, Sector 14, Gurugram, Haryana 122007","Block M, Old DLF Colony, Sector 14",28.4692001,77.0442249,ChIJb8uHqLIZDTkRZRNlxa_2onU,https://www.google.com/maps/place/?q=place_id:ChIJb8uHqLIZDTkRZRNlxa_2onU,part_135,2026-09-22 06:06:58,35522
Speak Smart Spoken Academy,Spoken English Institute,Education center,Education center,416549,Maharashtra Circle,Goa-Panaji Region,SINDHUDURG DIVISION,"Konalkatta Colony S.O, Ghotagewadi B.O, Ker B.O",+91 94213 93702,N/A,5.0,,"Dangat Park, 2 nd, Warje Malwadi Rd, near union bank, Giridhar Nagar, Warje, Pune, Maharashtra 411052","Giridhar Nagar, Warje",18.4806302,73.8030088,ChIJSyVFVjW_wjsRS9YixsKgpP4,https://www.google.com/maps/place/?q=place_id:ChIJSyVFVjW_wjsRS9YixsKgpP4,part_135,2026-09-22 06:06:59,35523
Easy Way Spoken English Classes Balajinagar Katraj Pune,Spoken English Institute,English language school,"English language school, Coaching Center, Education center, Educational institution, Training center",416549,Maharashtra Circle,Goa-Panaji Region,SINDHUDURG DIVISION,"Konalkatta Colony S.O, Ghotagewadi B.O, Ker B.O",+91 95957 53575,http://www.easywayspoken.com/,4.9,,"2nd Floor, Gurukrupa Apartment, 29/3/4, Pune - Satara Rd, opposite HP Petrol Pump, near HDFC Bank, Chitanya Nagar, Kala Nagar, Balaji Nagar, Pune, Maharashtra 411043","Chitanya Nagar, Kala Nagar, Balaji Nagar",18.463678599999998,73.8579389,ChIJ6Q-uHbnqwjsR2KiRZLMmVEo,https://www.google.com/maps/place/?q=place_id:ChIJ6Q-uHbnqwjsR2KiRZLMmVEo,part_135,2026-09-22 06:06:59,35524
Sky English Spoken Classes by Umesh sir,Spoken English Institute,English language school,English language school,416549,Maharashtra Circle,Goa-Panaji Region,SINDHUDURG DIVISION,"Konalkatta Colony S.O, Ghotagewadi B.O, Ker B.O",+91 99077 33009,N/A,4.9,,"Tiranga chowk, to, Tatibandh Rd, near by CPS school, Sarvodaya Nagar, Tatibandh, Heerapur, Raipur, Chhattisgarh 492099","Sarvodaya Nagar, Tatibandh",21.2646546,81.5855108,ChIJaVVVVQXdKDoRpd5Hpdpg9vo,https://www.google.com/maps/place/?q=place_id:ChIJaVVVVQXdKDoRpd5Hpdpg9vo,part_135,2026-09-22 06:06:59,35525
THE SUNRISE SPOKEN ENGLISH,Spoken English Institute,English language school,English language school,416549,Maharashtra Circle,Goa-Panaji Region,SINDHUDURG DIVISION,"Konalkatta Colony S.O, Ghotagewadi B.O, Ker B.O",+91 88888 38001,N/A,4.8,,"3rd floor, Flat No.-303, Hinjewadi Road, Dange, Dange Chowk Rd, above State Bank Of India, Thergaon, Pimpri-Chinchwad, Maharashtra 411033","Onkar Colony, Yashoda Colony, Thergaon",18.6147578,73.765096,ChIJ_TD28p25wjsRL7vm1RErvPA,https://www.google.com/maps/place/?q=place_id:ChIJ_TD28p25wjsRL7vm1RErvPA,part_135,2026-09-22 06:06:59,35526
Speak English Academy,Spoken English Institute,English language school,"English language school, Adult education school, Career guidance service, Coaching Center, Education center, Educational consultant, Educational institution, Language school, Learning center, Training center",416549,Maharashtra Circle,Goa-Panaji Region,SINDHUDURG DIVISION,"Konalkatta Colony S.O, Ghotagewadi B.O, Ker B.O",+91 77988 88702,https://speak-english-academ-fkn8.bolt.host/,4.8,,"Office No 216, 1st Floor, Jai Ganesh Vishwa Complex, Main Circle, Kasturba B, Kasturba Housing Society, Vishrantwadi, Pune, Maharashtra 411015","Kasturba B, Kasturba Housing Society, Vishrantwadi",18.573014999999998,73.8792771,ChIJ167W_tHAwjsR8h6YE1ouCKY,https://www.google.com/maps/place/?q=place_id:ChIJ167W_tHAwjsR8h6YE1ouCKY,part_135,2026-09-22 06:06:59,35527
English with Neil Sir (Grammar And Spoken English Institute),Spoken English Institute,English language school,"English language school, Coaching Center, English language camp, Grammar school, Guitar instructor, Language school",416550,Maharashtra circle,Goa-Panaji Region,SINDHUDURG DIVISION,"Amboli B.O, Kudal Audyogik Samuha S.O, Danoli B.O",+91 80770 55669,N/A,4.9,277.0,"Near Touch wood school, IT Park, Sahastradhara Rd, Dehradun, Uttarakhand 248013",Aman Vihar,30.352296499999998,78.080503,ChIJQbXW33wpCTkR80l1_6Tpdbs,https://www.google.com/maps/place/?q=place_id:ChIJQbXW33wpCTkR80l1_6Tpdbs,part_135,2026-09-22 06:07:36,37728
Professional Network,Spoken English Institute,Education center,Education center,416551,Maharashtra Circle,Goa-Panaji Region,Kolhapur Division,"Nool S.O, Jarali B.O, Khandal B.O",+91 80950 66155,http://www.professionalnetwork.co.in/,4.9,,"7F5M+V89, Post Road, Sankeshwar, Karnataka 591313",416551,16.2598469,74.4833548,ChIJd2m8KY6TwDsRHQfrjAUsdJw,https://www.google.com/maps/place/?q=place_id:ChIJd2m8KY6TwDsRHQfrjAUsdJw,part_135,2026-09-22 06:08:09,39140
Englishwale.com,Spoken English Institute,Educational institution,"Educational institution, Service establishment",416551,Maharashtra Circle,Goa-Panaji Region,Kolhapur Division,"Nool S.O, Jarali B.O, Khandal B.O",+91 84484 43310,https://www.englishwale.com/,4.9,,"Englishwale.com, 416551, India",416551,21.0680074,82.7525294,ChIJm6Gmuu77DDkRXYaJWjNyfic,https://www.google.com/maps/place/?q=place_id:ChIJm6Gmuu77DDkRXYaJWjNyfic,part_135,2026-09-22 06:08:10,39141
Yorkville IELTS & Communication skill Classes,Spoken English Institute,English language school,"English language school, Service establishment",416551,Maharashtra Circle,Goa-Panaji Region,Kolhapur Division,"Nool S.O, Jarali B.O, Khandal B.O",+91 98871 16777,N/A,5.0,,"Yorkville IELTS & Communication skill Classes, 416551, India",416551,21.0680074,82.7525294,ChIJMQlUAfu1FzkR32O2EH1FJ0k,https://www.google.com/maps/place/?q=place_id:ChIJMQlUAfu1FzkR32O2EH1FJ0k,part_135,2026-09-22 06:08:10,39142
Spoken English & Grammar Tuition Classes,Spoken English Institute,English language school,"English language school, Service establishment",416551,Maharashtra Circle,Goa-Panaji Region,Kolhapur Division,"Nool S.O, Jarali B.O, Khandal B.O",N/A,N/A,5.0,,"Spoken English & Grammar Tuition Classes, 416551, India",416551,28.5936474,77.0932314,ChIJt0oqFR89DTkR_lLMEDY2OLY,https://www.google.com/maps/place/?q=place_id:ChIJt0oqFR89DTkR_lLMEDY2OLY,part_135,2026-09-22 06:08:10,39143
Online English Classes,Spoken English Institute,English language school,"English language school, Service establishment",416551,Maharashtra Circle,Goa-Panaji Region,Kolhapur Division,"Nool S.O, Jarali B.O, Khandal B.O",+91 93042 70107,N/A,4.9,,"Online English Classes, 416551, India",416551,21.0680074,82.7525294,ChIJxTptjxpX7TkReG5qDXf1zeM,https://www.google.com/maps/place/?q=place_id:ChIJxTptjxpX7TkReG5qDXf1zeM,part_135,2026-09-22 06:08:10,39144
English Coaching,Spoken English Institute,Education center,Education center,416551,Maharashtra Circle,Goa-Panaji Region,Kolhapur Division,"Nool S.O, Jarali B.O, Khandal B.O",+91 92384 69437,N/A,4.7,,"Dangania, near Shanti Vihar Colony, Chhattisgarh 492013","Daganiya, Amanaka",21.2357042,81.6037643,ChIJZaEgQlPdKDoRfmWNAoVtYXM,https://www.google.com/maps/place/?q=place_id:ChIJZaEgQlPdKDoRfmWNAoVtYXM,part_135,2026-09-22 06:08:10,39145
Samana English Speaking Chandgad,Spoken English Institute,English language school,English language school,416552,Maharashtra Circle,Goa-Panaji Region,Kolhapur Division,"DSF Halkarni S.O, Ambewadi B.O, Date B.O",+91 97306 19973,N/A,,,"above Bank of india, Guruwar peth, Chandgad, Maharashtra 416509",Guruwar peth,15.942048999999999,74.1836722,ChIJDXNfmsJ_wDsRtGOSf89BZrU,https://www.google.com/maps/place/?q=place_id:ChIJDXNfmsJ_wDsRtGOSf89BZrU,part_135,2026-09-22 06:08:44,39915
"Eagle Spoken English Academy, kolhapur",Spoken English Institute,Education center,Education center,416552,Maharashtra Circle,Goa-Panaji Region,Kolhapur Division,"DSF Halkarni S.O, Ambewadi B.O, Date B.O",+91 78900 95005,https://www.eaglespokenenglish.com/,5.0,117.0,"1st Ln, behind Pantaloons showroom, Poorvarang, Mahalaxminagar, Rajarampuri, Kolhapur, Maharashtra 416001","Poorvarang, Mahalaxminagar, Rajarampuri",16.6982446,74.2430815,ChIJD4nFYUEBwTsRfhud_ScaShA,https://www.google.com/maps/place/?q=place_id:ChIJD4nFYUEBwTsRfhud_ScaShA,part_135,2026-09-22 06:08:45,39916
Grace Spoken English Institute,Spoken English Institute,Educational institution,Educational institution,416601,Maharashtra Circle,Goa-Panaji Region,SINDHUDURG DIVISION,"Phondaghat S.O, Belnekhurd B.O, Damre B.O",+91 81431 31109,https://youtube.com/@gracespokenenglish,4.9,,"2nd Floor, Road no. 02, Metro Station, in front of Kukatpally Housing Board Road, Kukatpally Housing Board Colony, K P H B Phase 1, Kukatpally, Hyderabad, Telangana 500072","Kukatpally Housing Board Colony, K P H B Phase 1, Kukatpally",17.4934109,78.4013987,ChIJqWjHEUiRyzsRSvU99nbcXM4,https://www.google.com/maps/place/?q=place_id:ChIJqWjHEUiRyzsRSvU99nbcXM4,part_135,2026-09-22 06:09:20,41829
VYASTI Spoken English classes,Spoken English Institute,Education center,Education center,416601,Maharashtra Circle,Goa-Panaji Region,SINDHUDURG DIVISION,"Phondaghat S.O, Belnekhurd B.O, Damre B.O",+91 96631 13002,N/A,4.7,,"Raja Rama Nilaya, 295, 5th Cross Rd, AMS Layout, Vidyaranyapura, Bengaluru, Karnataka 560097","AMS Layout, Vidyaranyapura",13.086874199999999,77.5592621,ChIJF_aqnxEjrjsRGtfTn1A97vc,https://www.google.com/maps/place/?q=place_id:ChIJF_aqnxEjrjsRGtfTn1A97vc,part_135,2026-09-22 06:09:20,41830
"Britfort Academy - Best IELTS Coaching Centre in Bangalore , Best Spoken English institute in bangalore",Spoken English Institute,Educational institution,"Educational institution, Educational consultant, English language school",416601,Maharashtra Circle,Goa-Panaji Region,SINDHUDURG DIVISION,"Phondaghat S.O, Belnekhurd B.O, Damre B.O",+91 62356 44442,https://britfort.com/contact-bangalore-branch/,4.8,,"3rd floor, Sri Ranka Complex, 9th Main Rd, Jaya Nagar 1st Block, Jayanagar 3rd Block East, Jayanagar, Bengaluru, Karnataka 560011","Jaya Nagar 1st Block, Jayanagar 3rd Block East, Jayanagar",12.9318511,77.5840693,ChIJYavKHkYVrjsRadTEccnzujk,https://www.google.com/maps/place/?q=place_id:ChIJYavKHkYVrjsRadTEccnzujk,part_135,2026-09-22 06:09:20,41831
"Sam Academy , Spoken English Classes, Padmanabha Nagar",Spoken English Institute,Training center,Training center,416601,Maharashtra Circle,Goa-Panaji Region,SINDHUDURG DIVISION,"Phondaghat S.O, Belnekhurd B.O, Damre B.O",+91 79752 10399,N/A,4.8,,"#23, 2nd floor, 9th cross, next to Sai baba Temple & opposite to Yogananda Hospital, Near Devegowda Petrol bunk, Padmanabhanagar, Bengaluru, Karnataka 560070","RK Layout 2nd Stage, Banashankari 2nd Stage, Padmanabhanagar",12.918173,77.5598169,ChIJUSOID9U_rjsRaFmvYD7s2g8,https://www.google.com/maps/place/?q=place_id:ChIJUSOID9U_rjsRaFmvYD7s2g8,part_135,2026-09-22 06:09:20,41832
EESA Academy,Spoken English Institute,English language school,English language school,416601,Maharashtra Circle,Goa-Panaji Region,SINDHUDURG DIVISION,"Phondaghat S.O, Belnekhurd B.O, Damre B.O",+91 98101 26691,https://www.expert-educational.com/,4.9,,"Gate no-1, Metro Station, RZ-A-1/14B,first floor,Vijay Enclave, Dabri - Palam Rd, near Dashrath Puri, New Delhi, Delhi 110045","Block B, Vijay Enclave, Mahavir Enclave",28.603994699999998,77.08257569999999,ChIJcY5jLxMbDTkRaNWnddy-fkE,https://www.google.com/maps/place/?q=place_id:ChIJcY5jLxMbDTkRaNWnddy-fkE,part_135,2026-09-22 06:09:20,41833
Veta Spoken English Academy,Spoken English Institute,English language school,English language school,416601,Maharashtra Circle,Goa-Panaji Region,SINDHUDURG DIVISION,"Phondaghat S.O, Belnekhurd B.O, Damre B.O",+91 84482 28445,https://vetadwarka.com/,4.8,,"D-445,2nd Floor Ramphal Chowk Road, Palam Extension, Sector 7 Dwarka, New Delhi, Delhi 110075","Block C, Palam Extension, Sector 7 Dwarka, Palam",28.5852306,77.07059029999999,ChIJ57NncDcbDTkR8Mr0v_meHJU,https://www.google.com/maps/place/?q=place_id:ChIJ57NncDcbDTkR8Mr0v_meHJU,part_135,2026-09-22 06:09:20,41834
Geeta Khurana Campus,Spoken English Institute,Educational institution,"Educational institution, Coaching Center, Education center, Educational consultant, English language school, Language school",416601,Maharashtra Circle,Goa-Panaji Region,SINDHUDURG DIVISION,"Phondaghat S.O, Belnekhurd B.O, Damre B.O",+91 98108 40047,https://geetakhuranacampus.co.in/,4.8,,"1st Floor, gate no.4, metro station, 15/4, opposite tilak nagar, Prem Nagar, Janakpuri, New Delhi, Delhi, 110058","Prem Nagar, Janakpuri",28.6360925,77.0956248,ChIJI2RyuJgEDTkRRdWh3P8EfiY,https://www.google.com/maps/place/?q=place_id:ChIJI2RyuJgEDTkRRdWh3P8EfiY,part_135,2026-09-22 06:09:20,41835
S M Academy,Spoken English Institute,Language school,Language school,416601,Maharashtra Circle,Goa-Panaji Region,SINDHUDURG DIVISION,"Phondaghat S.O, Belnekhurd B.O, Damre B.O",N/A,http://www.smacademyblr.com/,4.5,,"First floor, 6, 80 Feet Rd, opposite to Sangeetha mobile, above Mi showroom, P&T Colony, RT Nagar, Bengaluru, Karnataka 560032","P&T Colony, RT Nagar",13.0237322,77.59286589999999,ChIJwSVwAKUXrjsRuxE0lKVWVnQ,https://www.google.com/maps/place/?q=place_id:ChIJwSVwAKUXrjsRuxE0lKVWVnQ,part_135,2026-09-22 06:09:20,41836
BCL -British College of Language®,Spoken English Institute,Language school,"Language school, Chinese language instructor, Chinese language school, English language camp, English language school, Foreign languages program school, French language school, German language school, Japanese language instructor, Special education school",416601,Maharashtra Circle,Goa-Panaji Region,SINDHUDURG DIVISION,"Phondaghat S.O, Belnekhurd B.O, Damre B.O",+91 99115 37041,https://www.britishcollegeoflanguage.com/,4.6,,"2nd floor Delhi House, A-11, Najafgarh Rd, opp. Metro Pillar No. 631, A-Block, Vikaspuri, New Delhi, Delhi, 110018","A-Block, Vikaspuri",28.6264078,77.0685671,ChIJWzqnGl0FDTkRFN8heFA-qfc,https://www.google.com/maps/place/?q=place_id:ChIJWzqnGl0FDTkRFN8heFA-qfc,part_135,2026-09-22 06:09:20,41837
British St. Columbia Academy,Spoken English Institute,Training center,"Training center, Educational institution",416601,Maharashtra Circle,Goa-Panaji Region,SINDHUDURG DIVISION,"Phondaghat S.O, Belnekhurd B.O, Damre B.O",+91 84700 42229,http://www.bsca.in/,4.9,,"First Floor, E-31 A, Jail Rd, opposite to standard Burfee, Pocket 8, Block E, Gurunanak Pura, Tilak Nagar, New Delhi, Delhi, 110058","Pocket 8, Block E, Gurunanak Pura, Tilak Nagar",28.6331296,77.0977798,ChIJ58WuCl0DDTkRslUtc9NBZJc,https://www.google.com/maps/place/?q=place_id:ChIJ58WuCl0DDTkRslUtc9NBZJc,part_135,2026-09-22 06:09:20,41838
IFLAC,Spoken English Institute,Foreign languages program school,"Foreign languages program school, Coaching Center, Educational consultant, Translation service",416601,Maharashtra Circle,Goa-Panaji Region,SINDHUDURG DIVISION,"Phondaghat S.O, Belnekhurd B.O, Damre B.O",+91 98867 06731,http://www.iflac.net/,4.9,,"Gold Coin Building – 3rd Floor 34, Meanee Avenue, Tank Rd, above Glams Jo Salon, Sivanchetti Gardens, Bengaluru, Karnataka 560042","Sindhi Colony, Sivanchetti Gardens",12.9884179,77.6176952,ChIJsWlbREcWrjsRWojsuQAbfts,https://www.google.com/maps/place/?q=place_id:ChIJsWlbREcWrjsRWojsuQAbfts,part_135,2026-09-22 06:09:20,41839
Veta spoken english classes,Spoken English Institute,Educational institution,Educational institution,416601,Maharashtra Circle,Goa-Panaji Region,SINDHUDURG DIVISION,"Phondaghat S.O, Belnekhurd B.O, Damre B.O",+91 98808 48247,http://www.vidyavarshini.com/,4.9,,"SRI RANGADHAMA, Govt. Junior college, road, opp. Shiva temple, Krishnarajapuram, Bengaluru, Karnataka 560036",Krishnarajapuram,13.013187199999999,77.69920139999999,ChIJDcqt2FIRrjsRyJSvw5tTrBs,https://www.google.com/maps/place/?q=place_id:ChIJDcqt2FIRrjsRyJSvw5tTrBs,part_135,2026-09-22 06:09:20,41840
Innovative English Speaking,Spoken English Institute,English language school,"English language school, Instruction",416601,Maharashtra Circle,Goa-Panaji Region,SINDHUDURG DIVISION,"Phondaghat S.O, Belnekhurd B.O, Damre B.O",+91 85519 91166,N/A,5.0,207.0,"Opposite to Nishkarsh sonography lab, Ring Rd, behind Magar hospital, next to Brahma hotel, Phaltan, Maharashtra 415523","Shukrawar Peth, Hadco Colony",17.9842911,74.4364477,ChIJ4SDaZjGlwzsRApx-iE0Mbic,https://www.google.com/maps/place/?q=place_id:ChIJ4SDaZjGlwzsRApx-iE0Mbic,part_135,2026-09-22 06:09:21,41841
Aspire English Hub (Spoken English & Personality Development Classes) Baramati MIDC Branch,Spoken English Institute,Coaching Center,"Coaching Center, English language school",416601,Maharashtra Circle,Goa-Panaji Region,SINDHUDURG DIVISION,"Phondaghat S.O, Belnekhurd B.O, Damre B.O",+91 90498 52407,N/A,5.0,314.0,"2nd floor, Sandip Corner, Pencil Square Building, Maharashtra Industrial Development Corporation Area, Rui, Maharashtra 413133",Maharashtra Industrial Development Corporation Area,18.1823949,74.6096919,ChIJFUODNAJ1wzsRE-A_Z-ZGLEg,https://www.google.com/maps/place/?q=place_id:ChIJFUODNAJ1wzsRE-A_Z-ZGLEg,part_135,2026-09-22 06:09:21,41842
Smart Computers (स्मार्ट कॉम्प्युटर्स),Spoken English Institute,English language school,"English language school, Coaching Center, Software Training Institute, Service establishment, Learning center, Training center",416602,Maharashtra Circle,Goa-Panaji Region,SINDHUDURG DIVISION,"Kankavli S.O, Asrondi B.O, Aynal B.O",+91 96991 17246,http://smartcomputers.co.in/,4.9,,"Smart Computers (स्मार्ट कॉम्प्युटर्स), 416602, India",416602,18.392239399999998,76.7698374,ChIJlceNu0UXwDsR9d1ijw941Lg,https://www.google.com/maps/place/?q=place_id:ChIJlceNu0UXwDsR9d1ijw941Lg,part_135,2026-09-22 06:09:52,43125
Pamaj City Centre,Spoken English Institute,Shopping mall,Shopping mall,416602,Maharashtra Circle,Goa-Panaji Region,SINDHUDURG DIVISION,"Kankavli S.O, Asrondi B.O, Aynal B.O",N/A,N/A,4.5,,"7P84+97G, Achara Rd, opposite lakshmi chitra mandir, Kalmath, Maharashtra 416602",Kalmath,16.265925199999998,73.70569859999999,ChIJYXOukCsWwDsRYnfZmgC0Nwc,https://www.google.com/maps/place/?q=place_id:ChIJYXOukCsWwDsRYnfZmgC0Nwc,part_135,2026-09-22 06:09:52,43126
Rane Tutorial Poip,Spoken English Institute,Educational institution,Educational institution,416602,Maharashtra Circle,Goa-Panaji Region,SINDHUDURG DIVISION,"Kankavli S.O, Asrondi B.O, Aynal B.O",N/A,N/A,5.0,,"grampanchayat, At post poip, Rane Tutorial, near poip, Maharashtra 416608",416602,16.1753216,73.58361649999999,ChIJ16dgr6cZwDsRgaq9LkpEqm0,https://www.google.com/maps/place/?q=place_id:ChIJ16dgr6cZwDsRgaq9LkpEqm0,part_135,2026-09-22 06:09:52,43127
Glister Academy And Counselling Centre,Spoken English Institute,Education center,Education center,416602,Maharashtra Circle,Goa-Panaji Region,SINDHUDURG DIVISION,"Kankavli S.O, Asrondi B.O, Aynal B.O",N/A,N/A,5.0,22.0,"plot no 26, Vatsalya Banglow, near Geeta Pavbhaji, near Lokmanya Hospital, Akurdi Gaothan, Sector No. 24, Pradhikaran, Nigdi, pune, Pimpri-Chinchwad, Maharashtra 411035","Akurdi Gaothan, Sector No. 24, Pradhikaran, Nigdi",18.6546563,73.77473549999999,ChIJp5q7tdzrwjsR8AMnb-WbOWs,https://www.google.com/maps/place/?q=place_id:ChIJp5q7tdzrwjsR8AMnb-WbOWs,part_135,2026-09-22 06:09:54,43128
English speaking course,Spoken English Institute,Distance Learning Center,Distance Learning Center,416605,Maharashtra circle,Goa-Panaji Region,SINDHUDURG DIVISION,"Tarkarli B.O, Kumbharmath B.O, Devli B.O",N/A,https://play.google.com/store/apps/details?id=com.gurubhai.speakeng,5.0,1.0,"6XFG+JF9, Sarai Dangari Kala, Uttar Pradesh 221011",416605,25.2240452,82.9762429,ChIJW2RLocgzjjkR7WlGgPB4t9k,https://www.google.com/maps/place/?q=place_id:ChIJW2RLocgzjjkR7WlGgPB4t9k,part_135,2026-09-22 06:11:38,44692
Speakwell English Academy - Malvani,Spoken English Institute,English language school,"English language school, Education center, Language school",416606,Maharashtra Circle,Goa-Panaji Region,SINDHUDURG DIVISION,Malvan H.O,+91 96195 57465,https://www.speakwell.co.in/malvani-malad,4.8,,"Gate no, Nr.Fire Bridge, 31/Yadav Bhavan, 1, Marve Rd, opp. Police Chowki, Malvani, Mumbai, Maharashtra 400095","Malad, BMC Colony, Malvani, Malad West",19.1958313,72.8219542,ChIJ9dF1Er625zsRPM4ElRgzGeU,https://www.google.com/maps/place/?q=place_id:ChIJ9dF1Er625zsRPM4ElRgzGeU,part_135,2026-09-22 06:12:11,45413
BM English Speaking Institutes (Classes) in Andheri,Spoken English Institute,Coaching Center,"Coaching Center, Education center, Educational institution, English language camp, English language school, Grammar school, Language school, Learning center, Private Tutor, Training center",416606,Maharashtra Circle,Goa-Panaji Region,SINDHUDURG DIVISION,Malvan H.O,+91 99203 56664,https://bmconsultantsindia.com/andheri-center.html,4.6,,"5th Floor, Pearl Plaza, 520, opp. Railway Station, next to McDonald’s, Andheri West, Mumbai, Maharashtra 400058","Railway Colony, Andheri West",19.1196158,72.84598489999999,ChIJF96DBNPJ5zsRYO9GjByKRW8,https://www.google.com/maps/place/?q=place_id:ChIJF96DBNPJ5zsRYO9GjByKRW8,part_135,2026-09-22 06:12:11,45414
VANDANA'S ENGLISH ACADEMY,Spoken English Institute,Adult education school,"Adult education school, English language school",416606,Maharashtra Circle,Goa-Panaji Region,SINDHUDURG DIVISION,Malvan H.O,+91 96532 25159,N/A,5.0,,"front of Asaram Bapu Ashram, Station Rd, nr. Anupam hardware, nr. Pritam Fast Food, Peru Baug, Jay Prakash Nagar, Goregaon East, Mumbai, Maharashtra 400063","Peru Baug, Jay Prakash Nagar, Goregaon East",19.1650043,72.85190519999999,ChIJKwTgfVK35zsRENdU3X6Aabc,https://www.google.com/maps/place/?q=place_id:ChIJKwTgfVK35zsRENdU3X6Aabc,part_135,2026-09-22 06:12:11,45415
V2gether English Academy-English Speaking Course In Borivali-IELTS Classes in Borivali-German Language Classes In Borivali,Spoken English Institute,Educational institution,Educational institution,416606,Maharashtra Circle,Goa-Panaji Region,SINDHUDURG DIVISION,Malvan H.O,+91 99670 53421,https://www.v2gether.in/,4.9,,"2nd Floor, Goyal Shopping Centre, 207 A wing, opp. Railway Station, near the Police Station, Borivali West, Mumbai, Maharashtra 400092","Sundar Nagar, Borivali West",19.228814,72.855904,ChIJJdTUV8S35zsR7t_O_Q2JGvg,https://www.google.com/maps/place/?q=place_id:ChIJJdTUV8S35zsR7t_O_Q2JGvg,part_135,2026-09-22 06:12:11,45416
Spirit Institutes,Spoken English Institute,Coaching Center,Coaching Center,416609,Maharashtra Circle,Goa-Panaji Region,SINDHUDURG DIVISION,"Sangve S.O, Bhirvande B.O, Dariste B.O",+91 98606 66600,N/A,4.9,230.0,"Bhattad Complex, Datt Chauwk Traffic Cir, Kharade Colony, Karad, Maharashtra 415110",Kharade Colony,17.282066999999998,74.181439,ChIJZ52Jlk-CwTsRrvVdiMrFzac,https://www.google.com/maps/place/?q=place_id:ChIJZ52Jlk-CwTsRrvVdiMrFzac,part_135,2026-09-22 06:13:19,46370
Mirza's Academy Of English,Spoken English Institute,English language school,"English language school, Language school",416611,Maharashtra Circle,Goa-Panaji Region,SINDHUDURG DIVISION,"Talebazar S.O, Are B.O, Gadhitamhane B.O",+91 99074 06699,N/A,4.9,118.0,"behind Shiv Mandir, Subhash Nagar, Chhattisgarh 491001",416611,21.1753704,81.2875061,ChIJte97WU88KToRbJvjPHktxnA,https://www.google.com/maps/place/?q=place_id:ChIJte97WU88KToRbJvjPHktxnA,part_135,2026-09-22 06:14:28,47696
British Spoken English Classes,Spoken English Institute,English language school,"English language school, Coaching Center, Education center, Tutoring service",416611,Maharashtra Circle,Goa-Panaji Region,SINDHUDURG DIVISION,"Talebazar S.O, Are B.O, Gadhitamhane B.O",+91 96011 18959,N/A,4.8,827.0,"FF - 107, Sarjan Bunglows 2, New CG Rd, above Poojara Mobile shop, Nigam Nagar, Chandkheda, Ahmedabad, Gujarat 382424","Nigam Nagar, Chandkheda",23.1094017,72.5870722,ChIJcUyNNNyDXjkRvOMbNq-fc8Y,https://www.google.com/maps/place/?q=place_id:ChIJcUyNNNyDXjkRvOMbNq-fc8Y,part_135,2026-09-22 06:14:28,47697
HIMS Training & Solutions,Spoken English Institute,Educational institution,"Educational institution, English language school, Training center",416613,Maharashtra Circle,Goa-Panaji Region,SINDHUDURG DIVISION,"Devgad S.O, Baparde B.O, Taramumbari B.O",+91 92478 69600,http://www.hims.org.in/,4.6,,"Flat No.301, BALAJI TOWERS, 3rd Floor, 2nd Lane, Udipi Park hotel lane, behind Maitrivanam, Ameerpet, Hyderabad, Telangana 500038","Kumar Basti, Srinivasa Nagar, Ameerpet",17.4384169,78.4460023,ChIJrb3l9sWQyzsRK6FZzZyEeTA,https://www.google.com/maps/place/?q=place_id:ChIJrb3l9sWQyzsRK6FZzZyEeTA,part_135,2026-09-22 06:15:35,48866
NK ENGLiSH PLANET,Spoken English Institute,English language school,English language school,416613,Maharashtra Circle,Goa-Panaji Region,SINDHUDURG DIVISION,"Devgad S.O, Baparde B.O, Taramumbari B.O",+91 99787 68626,https://www.instagram.com/nkenglishplanet?igsh=dnVwMGZjMGQzZndy,5.0,,"1st Floor, Sarthak Mall, NK ENGLISH PLANET, F/11, KH Rd, near M-CURE Hospital, Sargasan, Gandhinagar, Gujarat 382421",Sargasan,23.1951333,72.61460869999999,ChIJJ92u2GgpXDkRbZGo9F7fAvY,https://www.google.com/maps/place/?q=place_id:ChIJJ92u2GgpXDkRbZGo9F7fAvY,part_135,2026-09-22 06:15:35,48867
Academy of English,Spoken English Institute,English language school,English language school,416613,Maharashtra Circle,Goa-Panaji Region,SINDHUDURG DIVISION,"Devgad S.O, Baparde B.O, Taramumbari B.O",N/A,https://academy-of-english.grexa.site/,4.9,,"H. No - 202, next to Lakme salon, opposite to Rich Harvest School, Shastri Nagar, Gandhi Nagar, Jammu, Jammu and Kashmir 180001","Shastri Nagar, Gandhi Nagar",32.6918913,74.8589365,ChIJhcSyc8mFHjkRa-LxJg9QnO4,https://www.google.com/maps/place/?q=place_id:ChIJhcSyc8mFHjkRa-LxJg9QnO4,part_135,2026-09-22 06:15:35,48868
Yavatmal's No.1 Spoken English & PD Classes- EXCEED SOFT SKILLS,Spoken English Institute,Coaching Center,"Coaching Center, Business development service, English language camp, English language school, Language school, Personal trainer",416613,Maharashtra Circle,Goa-Panaji Region,SINDHUDURG DIVISION,"Devgad S.O, Baparde B.O, Taramumbari B.O",+91 95526 01151,N/A,4.9,,"Mainde Square, Sankat Mochan Rd, beside Sane Guruji Vidyalaya, Vidhardh Housing Society, Yavatmal, Maharashtra 445001",Vidhardh Housing Society,20.3827334,78.129424,ChIJgUBT7Lzo0zsRndpVpIjpObs,https://www.google.com/maps/place/?q=place_id:ChIJgUBT7Lzo0zsRndpVpIjpObs,part_135,2026-09-22 06:15:35,48869
